AAA,AAC,AAG,AAT,ACA,ACC,ACG,ACT,AGA,AGC,AGG,AGT,ATA,ATC,ATG,ATT,CAA,CAC,CAG,CAT,CCA,CCC,CCG,CCT,CGA,CGC,CGG,CGT,CTA,CTC,CTG,CTT,GAA,GAC,GAG,GAT,GCA,GCC,GCG,GCT,GGA,GGC,GGG,GGT,GTA,GTC,GTG,GTT,TAA,TAC,TAG,TAT,TCA,TCC,TCG,TCT,TGA,TGC,TGG,TGT,TTA,TTC,TTG,TTT
0,3,1,6,15,4,6,365,7,7,0,2,2,4,2,3,5,14,39,290,159,254,422,139261,3,5,1,35,1,359,7,71,2,0,1,2,8,0,3,66,1,0,0,1,25,4,0,0,0,2,1,12,55,30,3,74,1,0,0,2,2,8,1,1
8,2,267,2,11,1,20,2,354,1,3,1,0,23,2,0,76,32,139332,96,25,10,185,16,4,1,55,1,2,29,45,8,1,0,39,58,2,0,3,2,1,0,24,1,4,1,0,1,3,1,52,4,167,12,2,2,0,1,2,4,0,5,0,1
7,196,2,1,20,104,1,27,41,353,2,6,238,139476,33,62,3,70,8,0,2,4,0,5,1,4,0,0,12,232,1,7,0,9,1,169,1,1,0,0,0,1,25,1,4,69,0,0,0,3,2,2,345,8,0,2,2,7,5,0,11,77,1,2
10,13,11,173,201,130,397,137966,12,3,6,18,3,11,3,49,30,168,7,40,5,22,8,335,2,2,0,3,2,349,1,37,1,1,1,11,11,3,13,215,1,0,0,2,2,0,0,0,0,1,1,5,34,4,9,247,0,0,1,1,1,1,2,8
3,1,1,6,0,1,0,18,3,4,0,10,13,8,9,228,8,3,8,201,5,5,2,148,7,2,10,358,175,106,328,144094,1,0,0,2,1,0,0,3,0,7,1,1,6,0,6,36,1,0,4,1,12,10,2,160,1,0,24,3,4,5,57,395
0,7,28,0,1,0,6,5,2,2,125,2,0,1,4,0,19,2,5,0,0,4,0,2,6,4,63,3,0,20,7,9,2,0,5,3,56,0,2,1,2,375,220,1,0,1,13,0,4,0,111,5,6,1,44,3,95,82,144633,144,5,4,349,32
195,337,16,5,19,4,51,1,11,30,2,0,5,2,0,0,132531,283,11464,98,236,13,11,6,64,1,5,2,43,9,4,6,66,9,6,3,153,0,4,0,1,27,4,0,1,2,0,0,57,1,6,2,3,1,1,1,0,1,8,1,2,1,1,9
2,25,0,2,15,57,143,1,220,10,6,4,1,2,1,1,136,25,7,0,70,37,4,5,142959,261,148,183,188,6,6,7,1,363,0,0,3,1,12,26,34,11,2,0,2,6,0,0,0,1,0,2,15,0,0,3,58,4,7,3,2,1,1,4
1,11,0,1,44,484,2,6,1,6,0,0,1,6,1,0,21,485,6,2,484,142975,36,166,12,85,1,6,34,168,1,5,1,29,1,3,6,41,0,1,0,5,0,0,0,1,0,0,1,4,1,0,2,69,7,6,1,2,1,3,0,3,3,1
2,5,4,0,8,15,3,6,2,18,0,0,12,400,2,0,9,225,3,2,14,175,5,154,14,308,1,63,285,143236,28,62,0,11,1,0,3,0,1,0,0,3,1,0,3,76,1,0,0,3,2,0,9,4,378,1,0,6,3,0,32,61,4,11
4,5,0,3,22,7,3,2,2,3,0,0,7,102,0,1,11,63,0,0,0,15,0,2,4,6,0,151,5,56,0,6,9,218,2,27,19,186,0,5,7,224,0,9,315,143656,38,55,0,8,0,0,376,7,26,5,1,13,2,0,4,82,1,1
146,18,0,66,142338,281,53,54,33,4,0,0,73,5,0,1,399,163,0,2,415,47,1,8,2,1,0,1,4,5,2,1,3,0,0,0,121,1,4,5,4,0,1,0,4,8,0,0,10,1,1,0,129,4,9,3,1,1,4,1,0,2,2,1
163,12,10,164,63,5,0,1,214,2,2,5,152241,332,46,68,35,3,1,0,1,3,0,3,2,0,1,1,346,34,2,4,3,9,0,2,2,1,0,0,26,1,3,0,71,4,3,1,377,1,0,1,9,0,3,2,4,1,1,2,83,6,1,3
138906,532,15862,91,433,15,41,7,135,1,13,63,120,12,9,1,340,47,58,4,9,18,3,3,4,0,0,3,8,2,1,1,41,2,11,6,28,0,1,0,3,0,4,0,19,1,2,0,116,12,8,6,4,0,0,1,3,0,1,0,9,1,1,0
26,7,29,2,22,4,0,1,30,0,63,157,15364,28,7,10,18,9,2,1,6,3,0,2,3,0,0,3,82,8,0,5,573,58,35,67,593,22,1,13,320,8,28,10,135244,262,40,67,13,3,386,0,15,1,9,4,13,0,0,2,74,12,3,4
6,1,14,3,7,0,2,1,10,3,391,6,2,0,0,0,1,2,6,1,1,2,2,2,7,11,73,4,3,4,2,2,4,6,148,32,9,1,75,3,175,81,149045,296,12,5,267,5,3,0,27,0,9,0,2,0,4,5,177,6,2,0,5,3
4,6,7,3,28,0,4,2,8,6,206,3,4,1,6,0,29,3,2,0,0,1,3,0,2,3,88,8,1,1,4,0,11,5,197,2,70,2,59,1,180,620,147412,140,5,9,273,2,0,0,11,0,0,0,3,0,5,6,298,10,1,2,9,2
282,522,3,44,30,2,2,60,2,1,1,3,6,0,0,5,148403,208,85,81,246,5,2,3,45,0,2,2,65,2,3,1,62,2,1,1,204,0,0,1,1,23,25,0,29,1,0,1,86,1,3,0,8,1,0,2,3,1,0,0,3,0,0,0
71,24,24,8,19,1,0,174,14,0,9,2,186,16,1,23,70,20,0,3,46,3,1,3,101,2,1,1,139941,268,51,71,1,0,1,5,2,1,0,3,3,9,9,0,36,1,0,1,544,2,1,1,8,0,2,1,5,0,0,0,14201,25,6,14
301,47,154112,180,14,0,223,6,3,3,620,2,3,0,57,1,7,2,315,5,2,0,4,3,0,0,2,0,14,0,0,0,44,1,51,5,2,0,1,1,63,3,8,0,2,0,4,0,26,0,96,3,1,1,1,0,0,0,1,1,0,0,6,0
105,6,547,4,25,0,3,2,1,60,26,1,7,3,0,0,70,8,3,2,2,1,0,1,0,1,0,2,8,6,0,0,149334,184,67,30,223,10,0,19,229,1,14,1,79,3,1,1,157,6,1,4,3,2,0,2,3,0,0,0,5,0,0,0
2,2,27,2,10,7,5,78,1,191,10,6,0,1,26,2,1,5,1,5,2,10,2,28,0,5,0,0,18,537,0,1,16,19,9,235,246,144,237,149969,4,12,8,57,8,5,1,76,5,0,1,10,2,2,4,162,4,0,0,3,1,1,0,1
7,5,11,9,11,1,0,2,8,1,4,1,254,3,1,60,97,12,0,11,92,1,0,5,142,0,0,2,161332,216,42,51,7,1,24,4,1,1,0,9,2,0,9,0,38,1,0,0,3,2,7,539,2,0,0,190,7,0,0,3,85,3,0,3
11,0,8,0,2,0,0,2,61,2,3,1,126,0,5,193,6,0,0,0,2,1,0,0,0,0,1,1,93,12,0,3,7,0,4,17,2,0,0,5,15,1,2,0,234,3,3,1,96,13,549,21,89,2,2,2,147,0,3,1,166744,188,103,50
13,2,2,63,17,0,0,10,190,4,11,3,497,1,2,4,1,3,7,40,26,1,0,3,0,0,0,0,14,4,1,2,141,93,196,167496,19,5,3,226,10,0,2,63,13,4,2,70,4,53,23,166,2,1,0,4,1,0,0,1,9,0,1,8
185,23,19,1,158698,202,48,60,27,6,54,0,53,3,4,1,18,5,486,3,144,12,5,2,0,0,0,0,6,0,1,0,4,1,6,12,143,0,0,5,19,1,24,0,0,0,0,1,2,179,8,4,107,2,2,9,4,1,0,0,4,0,0,1
4,0,2,2,10,0,0,1,131,52,183,0,8,0,0,3,2,2,25,0,2,0,0,0,21,5,0,2,5,7,0,0,117,13,496,13,89,3,0,4,158666,297,92,114,233,9,5,6,3,2,6,0,1,1,0,4,159,8,1,7,5,0,0,2
4,2,2,1,152,3,0,1,63,173,1,2,4,0,6,3,8,1,489,1,37,4,1,2,0,0,1,0,3,0,1,0,356,28,26,18,158354,108,62,51,95,2,4,0,99,3,4,2,6,2,0,7,147,2,2,10,5,0,26,0,4,0,5,0
32,1,7,64,3,0,0,13,178,1,3,3,7,0,475,3,4,1,19,21,6,1,0,1,0,0,0,0,3,1,1,2,168,93,173,164639,35,3,4,311,11,2,2,50,13,3,12,123,1,7,9,81,0,0,0,1,48,1,0,3,2,0,2,3
15,4,2,86,19,0,1,9,4,2,4,6,475,0,13,4,2,2,12,22,26,1,0,1,0,0,0,1,1,0,1,2,288,96,217,164243,39,2,6,228,9,3,7,62,9,3,1,78,7,52,3,199,0,0,0,1,173,0,0,2,6,0,0,7
291,25,13,2,163577,201,68,67,32,4,5,46,102,1,12,4,33,5,461,0,170,9,4,3,1,0,0,0,5,1,0,1,9,1,2,19,103,3,1,1,4,0,0,0,11,0,0,0,4,173,1,5,78,0,2,6,4,0,0,0,1,0,0,1
7,0,0,1,16,1,0,2,14,6,3,164,82,4,29,45,2,0,12,1,0,1,0,1,1,0,0,0,20,0,1,0,354,28,12,15,161,2,0,2,249,3,1,3,180840,154,48,36,8,3,6,439,3,0,0,1,5,1,4,1,120,3,0,1
14,1,6,1,8,0,0,0,51,1,1,2,188,7,4,161,2,0,14,0,1,0,0,1,0,0,0,0,77,4,1,0,13,0,1,4,1,0,0,0,10,0,1,0,260,5,3,0,83,18,446,16,46,1,0,3,190,1,0,1,180592,199,53,62
125,6,401,5,19,0,0,0,199,2,0,1,5,0,5,4,27,4,5,2,12,0,0,0,0,0,0,0,2,2,1,1,180582,231,109,76,212,3,1,7,74,1,25,2,108,4,2,4,135,10,14,11,4,0,0,0,6,0,0,0,8,0,0,6
76,108,9,1,375,12,1,0,153,9,0,3,5,3,11,1,4,20,4,36,2,2,0,0,0,0,1,0,1,1,0,0,15586,155196,36,82,53,160,0,1,48,117,3,1,15,100,3,1,8,149,8,7,1,10,0,1,3,3,3,0,7,4,4,5
4,2,152,24,15,0,52,3,9,0,170,16,105,28,171884,267,3,1,18,135,3,0,1,2,2,0,0,0,1,6,120,6,9,11,16,2,1,3,0,0,36,0,1,1,3,0,49,6,1,3,8,3,0,0,0,2,43,0,364,1,2,5,63,7
23,8,139,17488,13,1,14,28,7,3,26,2363,7,0,16,52,3,2,48,19,0,1,4,0,0,0,1,0,0,0,3,0,130,37,154757,122,19,7,192,4,163,0,78,4,4,0,82,38,2,2,180,17,2,1,3,1,2,4,20,2,2,2,18,6
8,0,8,1,0,1,4,0,9,6,9,10,8,1,199,7,0,0,8,1,13,0,2,0,0,1,0,0,4,4,121,1,1,1,13,1,0,39,0,0,2,9,11,26,6,0,204,132,1,3,136,4,2,0,67,4,18,2380,199,14,82,40,169649,137
19,3,14,3,411,2,1,1,12,0,38,4,6,0,4,5,466,27,2397,18,169263,170,57,87,61,4,0,2,155,5,8,2,8,3,9,0,67,140,1,1,10,0,10,0,4,1,0,1,0,3,1,2,149,4,3,5,6,12,2,0,9,1,14,26
11,0,8,2,1,2,1,0,35,1,202,3,2,26,7,9,0,1,13,3,14,0,2,1,2,1,20,2,0,0,1,0,78,2,133,6,3,2,33,1,20457,54,152869,175,16,1,227,2,1,0,4,1,0,0,0,0,29,6,209,6,0,1,6,3
106,5,20,2,17,3,0,2,170052,203,47,103,78,4,42,1,8,0,6,2,10,3,0,0,226,15,1,2,3,0,0,0,24,1,130,2407,1,0,1,2,120,3,10,6,1,0,0,2,3,3,1,6,1,0,0,1,99,6,16,5,4,0,2,1
19,3,2,4,1,6,0,0,25,2,143,3,6,0,145,3,0,0,6,0,1,0,1,0,2,3,54,2,1,0,1,0,39,0,9,15,0,4,1,0,2414,1,147,8,32,0,9,4,1,1,82,1,0,0,18,1,127,34,170545,137,1,1,138,3
169246,2563,109,108,203,37,0,4,116,1,7,1,72,5,6,5,237,16,3,2,19,3,0,0,0,1,0,0,3,0,0,0,235,3,2,8,2,3,0,0,15,0,6,1,1,0,0,1,89,8,0,3,4,1,0,0,1,4,14,0,0,0,1,5
74,15,1,6,259,148,1,1,8,0,5,1,4,5,1,0,2881,18,31,4,170332,80,45,25,38,1,0,0,75,2,2,2,5,0,4,7,47,2,1,0,14,0,3,0,0,0,0,0,3,1,0,1,75,1,1,4,0,0,7,0,2,0,1,3
173303,296,66,113,220,7,0,5,61,0,5,2,57,2,18,8,155,12,1,2,15,1,0,0,1,0,0,0,3,0,0,0,48,1,3,7,1,2,0,2,7,0,6,0,1,0,0,0,40,0,2,28,1,1,0,0,3,1,2,0,2,0,1,0
30,5,120,164,3,0,48,3,11,1,238,4,106,20,171219,95,6,1,8,1,7,0,2,2,1,0,0,0,4,1,270,1,4,0,28,40,0,0,0,0,23,0,4,0,7,1,55,1,0,0,5,1,0,0,1,0,2441,2,8,5,5,0,110,3
185,10,8,4,63,7,1,0,140,3,34,2,171486,203,77,80,22,3,29,0,6,0,0,0,0,0,0,0,297,8,2,4,5,2,15,154,2,0,0,0,9,0,24,5,80,3,2,4,16,2,2443,1,5,1,3,3,15,2,4,0,181,9,5,7
9,5,1,6,0,2,1,0,9,0,276,3,38,1,11,0,1,0,6,0,2,0,0,0,0,0,20,0,1,0,1,0,7,0,105,4,1,1,26,1,180,19,173807,240,1,1,256,6,0,0,16,1,0,0,0,1,9,0,187,9,0,0,1,6
11,0,0,41,1,1,0,0,140,2,5,5,9,5,1,12,6,0,0,1,3,0,0,0,28,1,0,0,1,1,0,0,2666,32,8,5,26,3,1,5,170601,450,333,139,171,4,2,4,7,0,6,4,0,1,0,0,242,4,8,5,2,5,3,3
16,2,5,293,1,4,0,51,3,1,14,244,95,54,187,173073,0,0,2,9,1,0,0,0,0,0,0,2,3,2,5,250,20,0,5,7,0,0,0,0,27,0,12,1,1,0,5,66,1,0,5,7,1,0,0,0,1,1,40,3,2,1,2494,102
7,1,4,1,2,0,0,0,68,1,38,1,4,0,1,13,3,0,5,0,1,0,0,0,13,0,0,0,0,0,0,0,89,11,2508,8,19,3,2,0,172237,265,119,98,175,6,3,4,2,0,5,3,0,0,0,0,156,2,193,2,6,0,21,6
2,1,1,5,1,0,0,0,14,3,203,81,6,0,5,6,4,0,0,0,1,0,0,2,1,0,4,10,0,0,0,2,8,1,23,53,1,1,0,15,462,260,466,170520,3,3,14,2534,0,1,6,7,0,0,0,1,3,5,6,136,3,0,6,46
3,0,2,6,0,1,0,1,2,1,2,6,7,11,4,125,7,0,5,3,0,0,0,1,0,0,0,2,6,2,2,60,3,1,6,5,0,0,0,0,8,2,10,14,13,3,8,212,6,1,1,121,11,2,0,66,10,0,4,208,2565,55,106,170771
17,84,6,4,12,55,0,0,9,127,5,6,388,170778,36,81,32,7,1,0,0,1,0,0,0,0,0,0,12,125,3,4,5,0,5,1,3,0,0,2,4,1,2,6,4,42,0,6,7,3,1,197,2471,5,1,0,4,1,5,0,23,53,1,16
169626,174,2580,85,203,1,2,5,51,0,3,33,71,14,4,4,316,14,3,1,8,1,0,0,2,0,0,0,0,0,1,1,67,2,5,1,1,0,0,0,5,0,6,1,14,0,0,4,49,4,2,5,24,0,0,1,2,1,2,0,9,0,5,8
15,1,53,5,12,0,2,0,18,1,3,190,66,6,0,3,6,1,6,0,3,1,0,0,0,0,0,0,10,1,0,0,503,19,12,6,225,4,0,4,334,0,5,4,176817,108,78,39,2501,3,2,0,12,0,0,0,15,0,1,3,95,0,0,6
88,14,203,0,43,2,1,2,177710,229,99,120,145,5,2,2,4,2,10,3,2,0,0,1,176,11,2,3,2,0,0,0,18,2502,2,2,5,1,0,0,89,9,3,1,17,1,1,6,22,1,1,3,5,0,0,0,73,0,8,5,4,1,1,6
7,0,327,4,192,0,17,3,13,2,25,2424,1,2,8,3,88,19,172846,54,3,0,110,2,1,0,46,5,2,1,39,2,3,24,30,6,2,0,1,0,0,0,1,3,37,0,1,0,7,2,58,11,2,0,3,1,7,0,3,1,5,0,1,1
22,1,23,435,6,0,1,12,8,3,2,26,9,1,2422,11,4,3,16,119,0,0,0,2,0,0,0,0,1,1,0,3,5,5,13,183,2,1,0,0,3,0,2,3,191,0,2,3,113,46,113,179155,17,1,0,85,33,0,0,37,4,0,2,50
5,4,116,15,3,0,3,1,11,2213,7,6,1,188,20,2,1,0,35,7,0,0,0,0,0,0,1,0,0,1,1,0,184,34,163510,16134,43,4,181,8,5,4,96,8,2,1,90,8,2,4,211,29,2,0,1,2,189,2,2,1,1,0,3,3
24,0,358,5,8,0,22,4,2328,21,10,6,7,7,13,1,96,14,172912,96,8,0,110,2,8,0,69,0,2,0,64,2,4,3,34,35,147,0,1,0,1,1,0,2,1,0,2,1,6,1,83,8,11,0,4,0,1,0,1,0,2,0,0,1
183,12,12,7,72,1,0,2,191,5,3,11,178204,166,93,67,7,2,12,6,1,0,0,0,4,0,0,0,182,7,4,1,7,8,5,150,1,0,0,0,1,0,0,0,64,2,0,0,10,184,2120,2,6,0,1,2,3,1,1,5,106,6,5,2
17,90,5,2,2096,6,1,10,147,6,0,6,16,27,3,1,2,40,4,34,5,6,0,5,3,12,0,0,28,20936,6,5,257,156745,21,46,23,186,1,0,10,126,0,1,14,150,1,1,5,126,24,3,187,4,0,1,8,4,0,0,1,11,1,2
109,9,9,7,67,1,0,0,177,2,3,1,173645,79,47,22,8,0,5,149,2,0,0,0,1,0,0,0,106,11,1,3,5,12,4,1,5,0,0,0,0,0,0,1,98,0,0,2,10,3,2232,4,4,0,0,0,3,0,3,3,77,1,1,3
2311,6,2,32,19,0,0,0,140,3,0,1,17,5,2,0,27,1,2,0,2,0,0,0,0,0,0,0,0,1,5,0,173365,150,54,67,200,6,1,3,52,1,1,1,91,3,1,1,128,5,21,4,4,0,0,3,1,1,1,0,8,0,0,3
27,161,2,134,10,50,0,8,24,223,2,3,304,169884,39,84,0,8,2,1,0,2,0,0,0,2,3,0,6,197,30,0,13,4,4,2,1,0,0,8,0,1,0,0,3,53,2,0,3,4,7,4,6,4,1,2152,4,4,1,6,2,91,0,6
11,0,2,1,6,0,1,1,18,14,4,67,3,11,3,2,0,0,3,7,0,0,0,1,3,4,4,53,2,1,131,2,4,4,1,4,2,0,175,1,16,7,17,113,5,2,1983,7,4,11,10,49,4,7,1,34,268,16862,237,152334,5,11,10,75
3,0,0,0,34,1,0,0,107,7,6,3,9,5,2,0,0,0,0,6,1,0,0,0,20,3,11,3,1,1,0,0,107,2183,9,7,29,2,2,2,168652,273,87,152,156,8,17,3,9,2,4,0,4,0,0,5,180,5,119,17,7,0,3,0
31,2,10,302,136,1,0,21,8,5,2,2,2155,2,1,9,116,40,76,169825,8,1,0,130,2,0,0,33,4,1,2,66,2,21,1,30,0,0,0,0,11,0,0,1,2,0,6,1,33,1,5,83,2,1,0,6,0,1,0,3,1,0,0,3
169700,208,2246,73,161,2,2,4,41,33,4,1,75,4,2,4,117,10,4,19,3,1,0,0,0,0,0,0,3,0,4,0,35,5,0,0,0,0,2,4,4,0,0,1,6,0,0,0,159,7,3,2,2,0,0,5,2,1,0,0,2,0,0,1
17,0,19,7,15,2,2,172,4,128,4,5,9,1,1,0,0,1,1,10,6,1,0,42,3,0,1,2,2153,1,2,2,9,6,7,322,149,37,107,177998,1,0,1,34,6,4,3,91,27,1,2,10,4,2,0,138,0,1,3,4,5,0,0,5
157890,194,2063,52,177,4,0,1,42,0,33,2,20835,17,8,11,100,6,1,3,0,2,0,0,0,0,0,0,30,2,1,0,42,3,0,2,1,0,2,11,2,0,0,4,14,1,2,0,141,3,217,10,0,0,0,2,0,1,1,0,5,0,0,3
14,1,19,4,7,0,0,0,24,2,136,81,9,0,0,4,1,2,3,2,0,2,0,1,7,0,2,26,5,0,4,2,37,12,15,146,11,3,4,33,1403,400,408,176847,2066,8,11,160,5,30,2,3,1,1,0,4,12,9,7,176,1,0,0,8
473,35,20,5,173153,197,68,68,36,4,2,29,88,6,2,4,60,4,2052,6,155,5,6,9,2,0,4,0,4,0,2,1,2,4,3,0,66,1,0,2,3,0,0,9,22,0,2,1,5,116,0,2,106,3,0,8,4,0,1,0,4,2,0,1
13,1,6,5,23,2,1,0,7,1,2,119,65,2,1,25,6,1,17,5,1,2,0,0,0,0,0,0,35,1,1,1,647,37,6,20,241,3,1,6,261,1,2,8,192964,218,52,124,19,0,8,2027,4,1,0,2,9,0,1,3,96,2,3,6
13,0,6,1,6,1,0,0,4,1,4,23,144,5,5,119,3,1,4,0,0,0,0,6,0,0,0,1,62,0,1,2,7,1,2,0,3,0,0,1,15,0,0,1,223,0,3,1,183,12,2061,19,73,1,0,2,126,0,3,1,190804,141,52,60
14,2,9,2,7,3,0,0,12,5,19,113,138,7,0,3,8,1,2,1,2,0,1,3,1,0,0,0,39,1,2,2,635,24,10,4,212,2,1,4,211,4,1,3,188116,137,53,47,23,6,1869,4,6,0,0,1,14,0,2,3,174,8,1,4
11,6,2,1,7,23,0,0,176,4,103,7,3,1,0,1,5,0,3,0,2,0,0,5,45,3,1,2,6,0,3,1,244,1887,5,5,59,5,0,2,173586,213,118,218,325,7,9,6,7,3,18,5,3,1,0,1,291,12,9,15,10,1,0,2
1,2,2,14,29,100,7,444,0,0,4,5,9,3,1,8,18,7,16,527,189,65,113,184443,2,1,0,35,1861,5,4,132,0,15,0,4,4,2,3,63,20,0,0,4,9,0,1,1,1,22,5,5,3,2,1,115,1,0,0,2,2,0,0,2
382,37,7,6,185475,201,161,240,24,0,4,10,99,5,9,8,36,1834,2,6,138,16,2,27,0,2,0,0,18,6,1,1,5,3,0,0,81,1,4,5,5,0,0,0,4,4,1,1,6,97,5,4,90,4,3,17,3,0,0,4,3,1,1,2
2,3,4,9,33,93,5,304,0,1,2,5,0,0,5,4,5,26,9,359,155,83,123,174257,2,0,1,24,4,5,1704,80,0,1,0,1,1,0,0,43,11,0,0,2,6,5,0,3,1,1,6,4,6,1,1,117,2,0,1,19,1,0,1,4
8,10,0,1,7,9,0,0,8,4,0,2,11,101,0,5,17,6,2,0,1,6,0,21,0,1,0,0,4,45,16,1,14,197,3,6,22,106,0,3,15,159,2,8,491,175046,37,114,6,10,4,1,1677,7,0,1,5,11,4,86,16,226,2,7
404,174677,40,85,1705,225,0,7,6,70,4,5,17,138,0,7,93,244,1,18,4,5,0,7,0,0,0,0,3,4,3,0,1,73,2,0,0,2,0,1,1,1,0,0,4,20,0,0,3,78,3,6,15,2,0,1,0,0,2,0,0,7,0,4
103,28,3,22,66,5,0,0,97,1,4,2,174846,245,44,69,12,7,1,79,2,2,0,3,0,1,0,0,218,15,7,2,0,2,0,0,0,0,1,0,6,0,0,2,35,4,4,0,1657,2,4,2,4,0,0,0,2,0,0,2,108,7,2,7
2,6,1,199,6,4,0,52,6,1,11,141,125,52,95,175285,1,2,1,9,0,0,0,5,0,0,0,0,5,2,5,337,1,2,0,0,0,0,0,1,6,0,0,2,1,1,9,49,16,1,1,5,2,0,0,4,0,1,17,10,1,0,1654,114
3,1,17,4,5,2,0,6,97,2,2,0,5,0,1,22,8,2,2,1,0,0,0,2,34,3,0,1,2,0,1,0,1800,19,4,4,40,1,0,2,173927,236,58,101,223,6,4,7,7,4,0,0,4,0,0,1,192,4,77,3,6,0,15,0
104,3,81,7,21,6,0,0,174902,209,47,107,174,7,4,6,9,1,6,3,5,1,1,3,239,13,0,7,6,2,5,2,1655,7,0,0,1,0,0,0,100,1,2,0,4,1,1,2,2,2,0,1,1,0,0,0,96,3,1,6,7,0,3,0
192,66,177,174947,8,1,2,211,23,2,2,47,13,1636,2,93,1,3,0,158,2,0,0,11,0,0,0,0,1,0,7,3,18,2,2,87,0,0,0,0,4,0,0,2,2,3,0,2,6,1,1,134,4,0,0,19,0,0,1,8,1,0,4,6
0,2,9,20,2,0,6,3,4,0,11,5,13,16,358,10,9,1,188,6,3,1,53,2,4,0,166,11,113,19,174982,161,5,0,1,2,0,0,0,0,2,1,2,4,1,0,21,20,2,0,4,1,2,0,2,75,8,1,14,1623,0,0,67,6
3,0,4,5,1,1,1,6,4,1,5,1,15,4,254,7,2,0,4,4,0,1,1,1,0,0,0,0,3,6,118,2,4,18,3,1,0,0,0,0,2,0,7,0,6,6,166,81,7,3,99,3,3,1,85,1,1620,10,111,24,163,45,174607,229
11,10,10,417,151,53,112,175652,5,0,2,49,5,18,8,134,0,2,9,35,4,3,2,244,0,2,0,0,6,1600,6,15,5,79,0,10,2,0,2,74,2,0,0,3,0,1,2,2,1,0,0,4,17,2,2,140,15,0,2,6,1,5,25,6
14,3,542,8,3,2,32,21,1596,4,7,3,5,3,5,5,117,28,176262,146,16,2,191,7,4,1,82,2,4,15,115,5,4,0,54,20,0,0,1,0,2,0,1,3,0,0,1,1,5,2,292,4,73,0,7,3,3,1,5,2,8,0,13,0
6,2,6,132,2,0,1,92,19,0,7,145,127,63,133,177446,0,1,20,7,0,0,0,4,0,0,0,1,5,4,6,360,3,1,0,77,0,0,0,0,0,0,0,7,1,5,3,51,3,0,3,6,0,0,0,4,1,3,20,8,6,0,1582,132
6,1,1,3,0,1,0,6,17,14,2,108,1,2,0,27,0,0,4,2,0,0,0,1,1,2,1,23,3,2,4,5,7,21,8,117,7,6,0,171,468,20222,154,157386,16,14,9,1610,0,2,1,2,1,0,0,3,7,22,76,177,0,2,32,10
3,3,0,0,2,2,0,8,16,127,4,4,2,4,0,5,0,19,2,0,2,5,0,0,2,69,1,0,0,7,4,1,6,5,1,1,1560,2,4,3,13,124,2,21,1,7,2,13,3,121,1,1,19,83,0,6,393,175060,40,116,7,155,76,7
6,4,8,248,120,40,136,173749,3,0,0,22,2,5,6,88,0,66,3,24,2,3,1,204,0,0,0,2,1,2,2,1556,0,1,0,3,16,1,5,105,0,1,0,5,1,0,0,8,1,0,0,8,2,2,6,132,2,34,1,2,5,0,4,19
23,1,0,6,1,0,0,36,2,0,0,5,99,2,3,5,1,1,2,2,0,1,0,0,0,0,0,0,62,3,4,14,1,4,0,1,3,0,0,1,6,0,0,2,132,0,1,2,1663,3,0,0,38,0,0,1,81,8,3,1,175639,176,42,105
157,62,207,175163,6,2,4,317,3,1,0,52,1,1,3,1648,0,1,3,235,1,4,0,15,0,0,0,0,0,1,1,5,1,3,1,46,1,0,0,1,1,3,0,1,0,1,0,5,14,1,2,47,4,0,0,1,1,2,0,1,34,1,6,26
0,0,1,38,1,0,0,4,4,1,1,3,9,4,5,124,0,3,3,2,1,5,0,0,0,0,0,0,5,1,1,64,0,0,1,10,3,0,0,0,0,1,1,4,11,4,6,154,4,3,3,122,6,21,0,50,4,2,7,218,195,1600,159,173805
3,12,0,6,49,529,1,6,1,0,0,3,0,6,0,9,16,544,3,19,2172,172797,24,73,1,36,0,0,8,141,4,5,4,1,1,2,2,53,1,1,0,1,0,3,0,1,0,1,3,6,0,3,8,162,1,4,0,4,4,0,3,16,3,37
8,1,3,115,5,2,0,43,2,0,5,201,221,65,146,175697,0,1,0,66,13,35,0,4,0,0,0,0,3,1,4,153,0,0,0,0,2,0,0,0,0,0,0,0,2,1,0,39,6,0,19,2,1,0,0,1,3,2,1,2,1541,7,6,67
45,8,8,177,8,4,0,27,382,159,221,174607,17,13,11,214,1,6,2,11,4,3,0,7,4,6,0,159,1,1,1,7,0,6,0,2,1,2,0,1,2,8,3,43,10,1538,0,3,4,0,64,4,0,20,0,0,1,0,2,54,15,1,3,6
5,1,0,8,15,2,7,431,1,3,0,38,6,0,2,52,12,3,14,475,134,30,119,177175,3,1,0,35,1530,3,3,129,4,0,0,2,2,0,1,27,1,0,0,1,0,13,0,1,2,1,0,21,1,66,2,80,1,1,0,4,6,4,1,6
60,1,4,140,1,3,1,65,2,0,6,192,121,49,150,191151,0,0,5,8,3,2,0,34,0,0,0,1,12,1,2,118,6,0,0,2,0,0,0,0,1,0,0,2,5,4,4,25,1,0,3,73,0,0,1,1,19,0,3,0,3,1,1526,63
1534,23,32,14,11,0,1,6,155,0,1,4,3,1,1,38,33,7,3,1,2,2,0,3,0,0,0,0,7,0,1,1,163530,267,23073,98,174,45,40,1,17,2,6,0,53,1,19,2,216,5,32,3,5,4,0,0,71,0,0,0,4,3,12,10
17,69,9,209,159,47,186,181241,4,2,44,18,2,0,10,63,0,1,3,28,7,4,4,328,0,0,1,2,0,0,1414,9,31,6,3,3,1,0,1,94,0,0,0,3,5,3,1,1,0,2,1,9,2,8,0,125,0,2,3,19,6,1,5,5
5,5,6,42,4,16,0,32,3,1,1,3,92,3,9,6,5,0,1,4,6,1,0,2,0,0,0,1,24,1,10,0,349,37,3,7,137,3,0,4,142,0,6,6,179778,187,94,111,11,1369,1,7,2,3,0,0,9,4,0,62,92,7,3,6
15,0,3,1,364,68,0,4,3,1,0,18,5,0,0,2,562,32,1362,10,176101,163,63,81,52,1,2,2,118,3,7,0,5,1,0,0,45,1,1,0,43,0,0,0,36,4,0,0,5,10,4,0,124,1,1,3,5,0,0,1,3,0,3,0
30,3,0,2,2,1,0,2,6,2,0,62,67,1,0,4,7,0,11,0,28,0,0,2,1,0,0,0,19,1,0,1,246,14,3,5,143,6,0,2,147,1,0,0,177015,197,21,38,1325,9,1,3,4,4,0,1,11,0,42,1,112,2,2,4
174200,292,44,1441,388,9,2,3,37,1,2,2,52,2,0,26,277,20,6,4,11,5,0,1,0,0,0,0,6,1,2,0,47,1,0,0,0,0,0,0,0,0,0,0,30,1,1,0,74,7,1,9,2,40,0,0,3,0,0,3,6,0,3,4
92,1,4,11,0,3,0,2,5,1,1,1,150,1,0,68,1,0,0,0,5,1,0,1,0,0,0,0,42,1,0,1,9,1,0,0,0,0,0,1,8,0,0,0,256,1,3,1,1468,11,0,2,38,1,0,0,163,0,1,3,175861,106,26,42
265,64,174861,222,16,2,162,9,9,1344,55,46,4,1,60,6,10,3,173,12,6,1,4,1,0,0,0,0,0,0,3,0,0,2,35,0,1,16,0,0,5,1,1,0,4,0,0,0,11,1,49,3,0,0,2,0,1,1,0,0,27,0,3,1
27,1,39,5,533,6,4,6,9,9,16,1,5,1,3,2,677,40,1338,14,173993,149,47,84,31,2,1,0,156,4,4,7,44,1,1,0,82,65,0,0,4,0,0,0,6,1,0,0,11,2,0,0,138,5,0,3,1,0,3,4,10,0,0,0
7,0,1,20,44,4,0,1,137,5,65,2,2,0,7,3,3,1,11,0,29,0,0,1,21,6,1,1,1,0,1,0,1533,19,2,8,49,3,0,2,178683,439,51,127,235,8,2,4,3,2,0,0,0,2,0,0,207,4,1,3,8,0,0,1
12,1,173,74,1,1,46,1,6,0,199,14,125,20,176466,198,1,0,11,5,1,0,2,1,0,0,2,0,2,2,227,2,8,0,2,3,0,1,1,0,42,0,3,4,4,0,46,0,4,1,9,1,0,0,1,0,3,0,1326,2,4,3,82,4
16,1,18,136,2,0,2,11,0,2,2,7,2,0,1306,10,0,0,1,27,6,1,0,0,0,0,0,0,0,0,5,1,196,101,130,176146,12,45,2,318,67,1,2,67,10,7,5,186,5,0,8,180,0,1,0,10,5,0,23,2,2,1,1,0
5,1,4,2,0,0,0,4,16,22,8,122,1,2,8,49,1,1,7,2,5,2,0,2,1,6,0,39,0,1,0,1,12,39,13,158,8,112,0,42,337,18944,208,151923,20,1233,17,199,3,5,0,4,0,13,0,7,8,48,67,239,2,4,0,4
45,0,7,5,580,3,2,7,6,2,0,1,8,0,4,1,1788,26,4,7,177722,226,35,103,38,0,0,3,123,9,0,2,4,42,1,1,60,1,2,1,5,1,0,23,1,6,3,1,2,0,0,0,145,62,0,5,2,1,1,1,2,0,1,1
178293,241,1478,56,284,5,1,4,87,0,1,38,122,1,2,5,259,11,3,1,33,3,0,0,0,0,0,0,6,1,0,0,55,2,2,3,0,5,0,0,6,0,0,1,3,3,3,0,98,4,1,5,2,0,0,2,2,0,3,0,5,1,0,2
32,1,17,5,2,0,9,0,44,2,17,55,11,0,108,10,7,0,5,0,2,1,1,0,1,0,2,0,1,1,22,7,29,2,635,56,8,4,370,53,43,1,331,56,128,35,155528,23948,22,0,12,5,0,0,10,3,651,0,23,1,149,1,104,35
180765,1143,90,107,225,6,0,2,56,1,3,1,63,1,2,2,155,8,5,0,7,1,0,0,0,0,0,0,3,0,1,0,87,2,1,2,0,1,0,0,0,2,0,0,1,1,23,1,111,1,1,5,3,3,0,1,6,0,5,1,6,2,1,1
276,13,5,794,70,0,0,1,2,4,0,1,3,1,37,1,174075,231,44,88,168,4,0,1,37,0,0,0,58,4,0,2,18,0,0,2,2,0,0,0,5,2,0,2,1,0,1,0,41,2,0,4,3,0,0,0,1,0,2,0,4,0,1,0
47,2,9,9,2,0,0,0,10,1,199,6,1,0,65,4,22,0,2,6,4,0,0,0,2,1,57,2,0,0,6,0,0,0,4,1,1,36,0,0,8,754,147,5,1,3,8,0,8,0,142,6,3,1,22,2,199,63,171969,254,3,0,255,4
28,1,1,4,744,8,3,1,11,41,0,5,3,1,3,36,726,30,2,749,173536,111,42,58,52,1,0,0,92,3,2,1,7,1,0,2,72,54,2,1,1,8,0,0,2,0,0,2,1,1,6,0,137,3,1,6,2,1,23,1,4,0,2,1
10,2,12,1,7,0,1,0,4,0,7,0,9,1,210,105,2,0,3,6,22,0,2,0,0,0,0,0,1,2,50,2,5,36,5,1,1,2,0,0,1,1,7,1,4,0,234,0,5,2,134,6,2,4,59,4,761,1,113,6,171,33,174499,188
643,25,14,12,170566,187,49,53,68,1,0,46,100,5,5,4,52,11,723,3,287,10,6,3,0,0,0,0,7,0,0,1,12,51,0,1,68,5,1,1,4,0,0,1,0,1,2,0,7,1,2,3,120,3,1,6,7,0,2,0,3,0,22,1
160,4,726,3,38,1,0,0,126,1,0,2,3,0,2,3,28,3,5,3,3,0,0,1,1,1,0,0,0,0,0,1,171327,283,82,79,346,12,0,2,47,2,2,1,81,3,2,2,132,5,0,2,3,1,0,1,5,0,2,3,3,0,6,5
1316,2,7,45,18,2,0,1,55,0,0,0,6,0,0,3,32,0,1,6,3,1,0,0,0,0,0,0,1,0,0,0,172696,204,62,62,318,8,1,2,83,3,2,2,124,1,3,1,147,7,1,3,8,0,0,0,7,1,2,0,7,1,2,1
174468,206,43,97,216,3,0,0,60,2,1,0,76,3,4,1,167,13,8,6,6,2,0,0,0,0,0,0,2,0,1,1,74,4,1,1,0,1,0,0,0,2,0,1,0,1,0,0,46,3,0,0,1,1,0,0,2,0,2,0,0,1,44,0
263,6,3,72,43,0,0,0,276,0,0,1,174239,127,33,41,9,1,2,5,4,0,0,0,0,0,0,0,204,7,2,3,6,0,0,0,3,4,0,0,0,1,0,0,43,4,0,0,778,43,0,0,0,0,0,0,3,0,0,1,70,4,3,3
174171,166,864,80,195,4,0,2,92,39,0,2,87,3,0,9,165,10,2,2,4,1,0,0,0,0,0,0,1,2,1,0,51,0,2,1,3,1,0,0,4,1,0,0,1,0,0,1,80,3,5,4,3,0,0,0,3,0,5,0,6,0,2,1
55,4,11,47,298,5,1,2,8,62,0,0,2,0,1,38,26,1,5,788,68,5,0,1,1,0,1,0,0,0,0,1,452,26,1,4,173084,148,31,64,27,1,1,0,62,2,1,1,7,2,4,0,241,6,0,7,8,0,2,1,3,0,1,0
22,0,5,3,1,0,0,1,12,2,4,40,284,3,3,68,6,1,1,7,2,0,0,0,1,0,0,0,64,0,1,1,16,1,3,0,21,0,0,0,60,0,0,0,340,0,0,1,306,9,800,0,64,2,0,0,264,0,2,3,173965,102,42,29
74,0,12,0,28,0,1,1,64,1,6,60,234,2,1,8,9,1,2,1,4,0,0,0,2,0,0,0,35,0,1,1,726,8,16,8,186,3,0,1,331,3,5,5,176007,74,47,22,23,3,794,3,5,0,0,0,18,0,1,0,150,5,3,6
1053,2,2,39,14,0,0,0,65,3,0,2,4,0,0,4,30,2,1,2,3,0,0,3,0,0,0,0,2,0,3,0,175035,187,43,37,180,5,0,3,94,0,0,0,95,2,0,2,163,4,10,2,7,0,0,1,8,0,1,3,3,0,0,3
30,0,21,404,8,1,2,103,9,0,63,663,311,94,523,173920,0,1,4,27,1,0,1,1,0,0,0,2,4,3,2,293,25,0,4,3,2,0,0,0,0,0,0,3,5,0,3,42,2,2,1,7,0,0,0,0,1,0,0,15,5,2,42,835
51,2,2,9,7,0,0,0,60,4,11,240,5,5,3,23,1,1,1,4,0,0,0,0,3,6,1,66,1,1,1,3,6,0,4,10,2,0,0,1,38,2,13,231,783,0,4,6,9,41,16,132,19,0,0,22,813,170,272,172717,21,5,69,145
585,37,17,47,173444,145,55,51,67,1,2,1,57,3,4,3,57,8,774,4,222,3,7,2,0,0,0,0,5,0,1,1,11,1,5,1,118,1,1,0,1,0,0,0,9,2,1,0,11,59,2,1,83,1,0,3,2,0,2,21,2,1,2,1
951,9,2,45,45,1,0,0,58,1,1,0,3,0,3,23,30,2,7,1,1,0,0,0,0,0,0,0,0,0,0,0,174940,267,87,65,276,7,0,3,68,1,1,4,96,3,1,5,140,11,2,6,0,0,0,0,2,1,1,1,1,41,2,0
60,2,387,66,3,0,65,3,10,0,247,14,178,26,174742,198,0,1,19,1,0,1,1,0,0,0,3,0,5,0,239,8,26,1,4,0,1,1,0,0,35,2,27,0,1,0,52,0,0,1,9,1,0,0,1,0,2,0,757,3,1,0,103,10
987,5,8,45,20,1,0,4,8,0,1,1,8,0,22,1,30,5,0,1,2,2,0,21,0,0,0,0,2,3,1,0,175427,250,61,57,229,12,0,0,131,3,1,1,94,3,0,0,219,3,3,1,7,0,0,1,4,0,7,2,2,0,0,4
254,19,170564,256,17,2,211,3,8,0,793,3,3,2,65,2,7,2,189,3,3,1,1,3,0,0,0,0,0,0,7,1,36,0,81,3,0,0,0,0,39,0,2,1,2,0,0,0,6,2,40,6,0,0,2,0,9,0,46,1,2,1,4,1
309,8,765,29,20,0,0,0,8,0,38,0,0,1,1,1,40,1,4,3,0,0,1,0,0,0,0,0,0,0,1,0,169532,179,60,50,133,43,0,2,106,1,4,1,77,2,0,1,223,6,1,7,1,1,0,0,1,0,0,1,3,5,0,3
54,1,10,1,2,0,0,2,340,6,53,3,10,4,4,4,4,0,1,1,25,0,0,0,38,2,2,1,3,0,0,0,1119,13,4,1,55,2,1,0,168707,144,52,46,367,1,6,4,3,1,0,0,4,8,0,0,422,3,0,7,16,0,4,7
170188,107,37,79,131,6,0,2,54,0,2,0,61,2,1,4,114,4,6,5,10,2,0,0,0,0,0,0,0,0,0,1,86,0,0,1,1,3,0,0,18,0,1,0,3,0,0,0,47,26,1,1,5,0,0,0,1,0,1,1,4,0,1,2
43,1,13,360,11,0,0,58,8,0,8,413,213,58,339,168074,10,1,1,13,1,0,0,1,0,0,0,0,2,0,2,183,5,0,0,4,0,0,0,0,2,0,1,2,4,0,0,41,3,1,0,6,2,43,0,0,0,0,7,8,4,33,4,831
63,0,4,4,381,0,2,24,6,0,1,0,49,0,1,21,805,2,2,0,88,1,0,0,0,0,0,0,2,1,0,0,24,1,1,0,470,7,3,2,1,0,1,0,3,0,0,0,687,40,3,7,167255,100,47,40,21,1,1,1,63,59,4,8
170569,147,26,74,218,1,0,3,38,1,1,1,70,2,2,7,191,7,1,1,25,2,0,1,0,0,0,0,3,5,0,0,53,0,0,0,0,3,0,0,3,4,3,0,2,0,0,0,68,5,0,4,19,9,0,1,6,0,1,1,0,2,1,2
46,3,16,368,4,0,1,73,7,0,4,486,237,49,169,169563,5,1,6,13,1,0,0,3,0,0,0,0,2,2,6,173,8,1,0,1,0,0,0,0,1,1,2,1,23,1,3,37,0,42,1,8,2,1,0,0,0,0,35,2,2,3,808,57
8,0,12,3,5,0,3,0,23,4,289,12,4,0,5,26,0,0,0,0,0,0,1,3,1,3,30,2,1,0,4,1,12,11,385,8,4,36,52,4,323,882,169487,297,9,1,402,14,0,0,5,6,2,47,3,0,8,3,332,13,1,1,13,25
7,1,7,21,29,4,18,951,1,0,2,54,6,5,4,12,12,7,20,710,167,81,211,170374,1,0,6,50,3,1,832,113,6,0,5,3,6,89,6,88,2,6,15,5,3,0,1,2,0,0,2,8,4,2,5,167,35,9,2,1,2,0,6,2
163,6,156,8,10,0,16,3,719,1,12,0,28,2,1,43,12,1,19,14,7,0,0,12,1,0,0,0,4,0,7,0,22648,60,152540,215,52,5,124,4,20,1,56,5,12,2,73,2,33,2,203,17,4,0,5,3,63,0,6,0,1,0,4,2
761,159,715,177477,39,3,4,189,13,2,8,68,18,824,12,84,15,1,6,144,3,1,0,6,1,0,0,0,0,1,1,2,57,4,10,99,0,1,0,1,2,0,1,1,0,1,0,1,8,6,1,55,0,35,0,1,2,42,0,5,1,1,1,4
72,1,3,11,656,5,2,0,11,0,2,2,39,7,0,2,888,36,0,859,177480,102,52,60,23,0,0,0,82,5,0,1,13,0,3,0,45,0,0,0,3,1,2,0,2,0,0,0,4,4,0,0,87,73,0,2,5,0,3,0,2,0,1,1
172,373,5,9,797,16,0,2,4,1,0,5,72,5,0,2,43,50,1,7,6,0,0,2,0,0,0,0,1,6,1,0,25,218,4,2,3,0,0,0,2,3,1,0,2,5,0,0,546,182724,33,80,50,145,2,1,5,80,2,1,9,113,4,0
1160,113,359,180611,42,2,0,118,10,0,3,46,741,2,5,52,79,5,5,104,2,0,0,2,0,0,0,0,0,1,1,0,44,33,6,46,0,0,0,0,1,1,0,0,2,0,2,0,8,43,2,61,2,2,0,0,0,0,0,2,2,0,1,1
77,43,27,713,649,174,496,175621,8,2,1,64,15,10,9,68,6,6,11,46,18,7,1,181,0,2,0,1,4,697,2,6,1,1,3,6,9,2,6,105,0,1,2,2,2,1,0,2,1,68,3,11,3,36,2,162,0,5,4,1,3,1,1,1
28,2,0,3,679,8,1,41,46,0,1,32,4,2,1,4,716,26,702,13,177233,86,52,38,31,1,0,0,86,11,3,2,3,0,0,0,59,0,2,0,1,0,1,0,10,0,0,0,6,12,3,0,95,64,3,2,1,0,0,0,2,0,3,0
65,1,0,8,7,0,0,3,16,1,2,58,137,2,0,37,5,0,49,2,10,0,0,1,1,0,0,0,23,1,0,0,861,22,6,15,170,2,0,0,235,0,2,2,177604,91,32,43,20,7,3,656,5,3,0,1,24,1,6,0,146,0,2,4
2,1,1,10,1,0,0,3,7,0,0,12,35,2,25,357,0,1,1,5,3,0,0,1,0,0,0,1,3,1,1,48,6,0,1,11,1,2,0,0,1,0,8,10,14,2,29,462,17,45,5,170,3,2,0,42,4,30,43,283,201,57,898,171127
15,4,0,3,18,126,1,4,43,4,1,1,2,2,4,5,3,4,0,29,609,43,2,0,0,0,0,1,0,3,0,0,33,378,14,3,542,169808,22,60,7,46,1,0,8,100,1,1,44,3,0,2,15,217,1,3,1,69,1,0,0,2,8,3
231,8,4,11,32,0,0,3,232,0,3,3,167715,64,85,42,9,0,2,63,11,0,0,0,0,0,0,0,88,8,0,0,9,0,3,3,0,3,0,0,4,1,2,0,37,0,3,0,612,1,1,0,0,0,0,0,4,3,0,0,58,3,1,4
270,20,169974,164,11,0,117,6,642,0,40,1,6,0,47,13,7,2,76,6,4,0,4,2,0,0,0,0,0,1,2,3,35,0,82,0,0,2,0,0,0,0,0,0,10,0,1,1,8,1,40,5,0,0,0,0,0,2,1,0,39,1,2,2
174993,97,130,76,93,1,1,3,57,0,1,8,62,1,6,7,99,5,3,3,4,1,0,0,0,0,0,0,1,1,0,0,144,0,4,8,0,1,0,0,3,0,0,0,39,0,0,0,81,9,6,5,1,1,0,1,1,0,0,0,2,0,2,2
174058,132,751,49,123,3,1,2,131,0,2,5,50,1,0,44,132,4,5,1,3,1,0,0,1,0,0,0,1,0,0,0,58,2,2,35,0,2,0,0,1,0,0,0,4,0,1,0,81,1,6,4,1,1,0,0,1,0,0,0,2,9,1,1
40,142,9,3,644,10,0,3,108,5,1,43,5,2,6,6,5,20,30,0,4,1,0,0,0,2,0,0,3,1,0,2,397,174386,34,69,39,153,0,6,4,96,2,0,8,121,0,0,9,238,2,4,2,2,0,0,1,6,1,0,0,42,1,8
13,3,24,127,12,4,0,16,305,42,393,170779,10,1,16,112,0,0,98,2,3,3,0,1,0,0,2,108,1,0,0,3,8,3,7,3,0,0,0,0,6,0,1,50,638,0,3,6,2,30,0,2,5,0,0,1,2,0,3,48,2,1,1,6
22,5,26,272,273,69,448,181438,12,1,6,35,10,4,6,69,4,0,8,13,6,1,5,153,0,0,0,0,632,0,2,12,37,2,5,9,8,4,12,194,3,0,0,1,10,0,0,0,31,91,2,8,6,6,6,174,0,0,0,2,1,0,0,45
182738,166,69,733,135,4,0,14,64,2,0,5,63,2,26,11,78,8,43,6,4,2,0,1,0,0,0,0,8,0,0,36,58,5,5,1,0,1,0,0,2,0,0,0,2,0,1,0,139,5,0,1,0,0,1,0,0,0,1,1,2,0,1,4
6,1,23,46,1,2,1,6,56,0,236,9,2,0,96,2,0,0,4,0,1,0,0,0,0,0,56,2,1,0,5,1,2,1,35,0,0,2,0,1,592,3,277,4,0,0,30,0,13,1,150,2,2,0,18,6,218,42,171047,266,7,6,296,6
281,14,44,5,43,0,0,44,171161,158,50,116,290,2,9,3,18,0,0,0,1,0,0,1,116,8,0,3,8,1,0,1,604,1,95,1,1,0,0,0,57,1,4,0,4,0,1,0,15,1,3,0,2,0,0,1,119,4,5,5,2,0,0,2
171442,170,59,680,172,8,0,5,104,0,0,5,74,1,3,28,160,11,2,4,4,2,0,0,0,0,0,0,3,0,0,0,80,2,16,2,0,0,0,0,2,0,0,0,1,0,0,0,122,7,6,4,3,0,0,0,3,0,4,1,2,0,0,6
12,9,1,11,1,31,0,4,13,0,0,26,230,0,4,98,12,0,5,0,0,1,0,0,0,0,0,0,53,1,0,1,9,1,5,0,1,0,0,0,26,1,0,0,622,1,3,4,167,7,607,3,61,1,0,2,314,1,3,3,171886,90,32,39
11,4,3,7,6,1,0,0,40,0,0,98,126,2,2,5,41,0,0,0,8,4,0,0,0,0,0,0,18,4,0,0,378,20,52,3,107,2,1,1,283,0,1,7,172339,52,41,37,14,0,605,1,5,0,0,0,12,1,3,2,121,2,5,3
7,42,5,121,3,0,0,13,105,0,0,9,2,0,1,584,2,1,2,19,4,1,0,1,0,0,0,0,1,0,1,4,181,83,299,170690,5,0,0,145,4,0,0,39,7,1,3,70,5,2,16,184,2,0,0,3,0,2,0,3,6,9,0,28
3,14,1,5,1,0,0,5,12,8,0,3,16,136,2,11,0,1,25,0,34,0,0,0,0,1,0,0,0,77,0,9,2,7,1,1,4,1,0,0,11,19,0,1,11,398,2,4,14,266,2,1,596,62,1,2,10,455,11,4,374,171392,22,160
158,9,18,3,23,2,0,7,173624,113,64,58,233,4,3,2,11,1,98,0,0,1,0,0,58,10,0,3,1,0,8,5,15,0,580,4,0,0,1,0,69,0,6,0,5,0,0,0,7,4,1,2,8,0,0,5,53,6,39,1,6,3,0,4
206,580,4,4,7,1,0,28,97,0,0,0,7,0,0,0,20,4,3,0,3,0,1,0,2,0,0,0,0,0,5,14,172655,151,144,135,97,5,1,3,49,0,6,0,54,2,0,8,194,4,7,7,2,1,0,2,1,0,3,0,5,5,0,9
2,14,6,13,0,0,1,104,10,0,7,21,22,4,10,425,15,1,4,219,3,2,0,64,1,0,4,371,158,38,128,179382,4,0,2,3,0,0,0,0,4,2,1,1,4,0,0,70,31,0,2,5,0,0,0,2,0,0,2,6,573,3,1,60
169,50,291,184050,9,0,0,125,13,0,1,50,570,1,4,66,37,2,2,69,5,3,3,3,0,0,0,0,1,0,1,4,10,0,5,44,0,0,0,0,11,0,0,0,0,0,0,2,123,1,4,66,9,0,0,0,1,0,0,1,18,7,0,2
231,32,183430,251,4,0,111,4,545,1,62,3,13,0,38,9,4,2,85,3,2,2,5,0,0,0,0,0,0,2,2,3,8,1,106,2,3,1,0,0,0,7,2,0,1,1,0,0,98,3,48,4,5,0,1,0,1,0,0,0,39,1,3,2
252,41,13,4,59,3,0,1,174099,82,65,60,253,6,4,9,13,0,0,3,1,2,0,0,103,2,1,0,5,0,0,7,531,0,90,3,1,0,0,0,76,35,6,3,6,0,0,1,7,0,5,0,1,0,0,2,59,1,0,5,8,7,1,1
19,433,11,41,472,155634,150,22853,7,48,6,5,38,68,1,10,3,15,1,13,46,600,2,11,0,2,0,2,0,100,7,2,13,11,4,2,7,292,5,26,0,4,3,1,3,5,0,0,5,11,1,1,13,271,1,41,0,4,0,0,4,2,0,0
745,10,539,5,11,9,0,2,41,0,1,1,7,0,0,0,180891,126,66,83,164,11,1,1,75,0,0,1,105,4,3,3,77,1,3,3,3,0,0,0,7,0,1,0,3,0,0,0,88,7,0,2,13,0,0,5,1,0,0,0,2,1,0,0
43,237,17,27,17,35,1,411,94,12,1,5,2,12,0,83,3,34,1,41,4,9,0,0,0,0,0,0,0,0,1,25,390,156879,90,20555,23,142,1,29,13,168,9,8,4,198,3,9,3,191,2,26,0,4,0,4,1,11,0,2,1,10,0,8
10,23,5,2,6,7,0,14,11,12,0,1,31,290,3,3,3,5,2,1,1,35,1,4,0,2,0,0,6,58,33,76,4,16,1,0,8,0,1,2,7,19,3,0,13,471,7,2,16,387,4,2,19,99,1,490,10,498,5,2,349,176297,21,78
5,0,11,5,0,1,0,3,14,2,239,10,2,1,10,5,2,0,4,0,1,1,5,0,0,8,73,2,1,1,90,4,8,2,13,2,37,0,1,0,42,2,741,6,0,0,19,1,12,1,182,3,2,5,18,12,173,37,175984,289,2,7,254,7
172,2,495,7,5,0,0,0,9,0,15,33,1,0,0,2,29,1,8,0,1,1,1,0,1,4,0,0,3,0,3,3,171895,148,68,40,134,4,0,3,134,0,50,3,72,0,3,8,216,2,3,7,7,0,0,3,2,0,1,0,9,5,0,9
12,1,12,10,1,1,0,2,1,0,6,97,7,3,13,104,3,2,1,8,0,0,0,2,0,0,0,0,0,2,5,21,15,4,6,263,4,1,0,93,7,1,13,303,192,70,311,172792,5,1,3,3,34,0,0,9,0,0,4,16,41,482,7,118
450,3,16,493,9,6,0,1,6,0,1,3,3,1,0,33,175620,127,51,67,79,5,1,1,70,0,4,0,28,4,0,2,50,1,0,1,2,1,0,0,2,0,1,1,2,0,0,5,91,2,4,4,83,0,0,2,2,0,4,1,5,12,1,0
38,1,34,11,9,2,0,0,11,0,34,3,136,2,3,80,6,1,6,2,3,0,0,0,0,0,0,0,40,0,1,0,5,1,1,0,3,0,0,0,16,2,1,1,344,0,0,5,150,8,495,2,57,0,1,1,224,0,4,2,175840,63,45,44
51,5,2,6,2,5,0,3,31,189,85,8,5,4,0,3,4,4,0,28,0,4,1,0,5,43,0,0,0,2,4,0,122,112,2,2,407,32,0,2,23021,159091,59,58,42,213,4,3,1,12,10,0,1,8,0,0,28,205,5,5,4,10,0,0
148,15,7,24,36,34,0,8,157,5,8,11,181619,206,280,264,10,4,2,70,7,1,1,0,0,5,0,0,75,3,4,9,8,1,0,3,6,0,0,0,2,2,0,0,90,1,5,4,13,480,1,0,10,1,0,1,1,2,2,2,59,12,3,5
22,5,0,5,266,81,3,6,3,1,6,0,2,15,0,0,500,480,7,11,181727,177,287,237,38,1,4,2,86,5,5,1,4,0,0,2,46,1,3,1,1,2,3,1,11,7,3,0,2,11,0,0,103,4,2,1,0,2,4,1,5,1,1,0
25,13,10,262,83,4,1,10,2,3,1,15,6,439,1,6,244,102,515,182131,12,4,5,77,4,1,2,64,3,6,8,70,7,1,5,29,0,1,0,1,2,1,0,5,36,1,3,6,4,2,3,55,1,33,0,1,0,1,1,2,2,1,0,5
14,22,2,3,60,282,7,36,1,4,0,4,2,14,5,0,19,465,16,33,593,161043,450,24004,1,100,2,3,2,98,80,14,2,3,1,5,5,49,2,9,0,4,2,3,10,3,0,2,5,5,1,0,4,192,2,16,0,6,3,0,0,4,0,8
7,4,0,2,131,1,1,1,3,0,34,13,4,4,0,0,9,1,439,6,50,5,8,1,0,71,0,0,0,0,12,6,334,21,4,9,185305,164,69,96,96,5,7,5,123,7,7,1,5,4,0,0,144,7,0,7,3,12,0,1,2,1,1,0
4,1,2,0,2,0,0,13,9,0,168,7,0,0,1,4,1,1,15,3,2,2,2,2,1,7,23,1,0,2,38,2,11,3,128,15,3,1,21,2,155,42,181671,636,2,2,256,40,4,6,4,10,0,2,0,0,3,6,284,9,5,0,4,5
58,1,0,1,4,0,0,3,10,0,3,2,303,6,5,2,7,1,2,2,2,1,0,1,0,2,0,0,174,6,3,3,5,1,0,39,4,0,0,1,19,6,2,10,276,2,9,96,541,3,0,2,41,3,0,0,120,0,4,3,183145,89,40,205
185169,200,78,84,129,1,0,2,54,0,3,0,65,6,6,4,132,4,9,2,4,4,0,2,0,0,0,0,3,0,3,0,49,0,2,3,6,0,0,0,4,1,2,9,0,1,37,3,86,7,0,2,5,0,0,0,2,0,2,13,5,0,0,2
234,14,157403,198,27,0,94,3,456,0,51,7,8,2,54,6,16,3,23734,30,6,0,7,1,1,0,2,0,0,0,9,0,40,0,51,9,1,0,2,0,2,4,14,33,0,0,2,6,7,7,78,9,1,0,1,0,1,0,4,4,2,5,2,1
180797,76,47,70,97,0,0,4,55,0,1,2,42,2,2,0,111,6,5,5,0,5,1,2,0,0,0,0,2,0,0,0,209,3,0,38,8,0,1,0,0,1,7,1,2,0,2,1,63,2,0,4,1,0,0,1,7,0,7,0,5,0,0,6
179744,104,73,563,40,6,0,1,70,0,0,9,55,43,6,0,64,3,7,5,2,2,0,0,0,0,0,0,2,1,0,0,34,0,2,1,38,0,0,0,2,0,0,0,1,0,1,0,51,3,4,11,6,0,0,3,4,6,3,0,8,1,0,2
22,1,1,13,213,4,1,5,1,2,1,41,8,153,4,3,10,0,502,5,49,1,2,0,1,0,1,0,0,0,1,0,10,2,0,3,618,5,4,3,2,0,2,0,12,1,0,2,229,4,6,37,180526,59,47,38,19,4,2,1,35,2,3,11
14,44,4,2,9,1,0,1,11,0,2,153,140,3,3,6,1,0,16,1,2,2,0,2,1,0,0,0,10,1,1,1,208,6,3,3,75,1,0,0,303,1,5,6,182426,35,86,40,510,3,1,3,14,0,0,0,21,0,1,1,208,2,1,50
173,160,7,1,184636,77,57,84,30,0,0,46,53,4,4,1,10,1,501,2,96,7,2,1,0,1,0,1,2,0,4,0,3,3,0,0,197,3,3,3,2,1,1,0,7,0,0,7,17,3,1,2,185,5,2,14,3,0,4,7,6,7,0,10
8,5,1,2,3,1,1,41,5,0,1,162,82,2,4,1,2,1,17,1,1,7,1,1,0,1,0,0,23,1,18,1,175,12,5,9,83,2,0,5,383,1,14,26,200014,102,184,225,13,502,2,3,6,0,0,0,20,1,5,2,167,19,0,10
2,2,8,0,3,0,9,149,0,0,13,10,4,3,191,6,4,2,173,6,1,38,64,5,8,3,333,30,133,30,199787,351,3,0,1,5,0,0,1,0,42,0,6,1,7,0,50,2,0,12,4,0,1,6,3,1,4,1,498,2,10,5,82,8
7,0,4,91,3,1,0,9,1,0,1,8,1,0,459,14,0,3,1,23,0,1,0,7,0,0,0,0,1,0,3,6,106,42,187,204678,0,0,1,129,152,1,5,73,6,1,22,94,7,3,7,271,0,5,0,8,2,7,16,41,38,1,1,12
2,0,5,0,2,0,1,2,6,0,3,0,7,2,95,3,1,1,9,3,0,0,2,1,0,0,0,0,0,1,28,6,10,3,242,46,3,2,154,5,8,2,276,30,107,38,191736,369,1,0,6,0,2,0,1,2,2,1,476,154,5,5,200,19
8,1,1,3,1,1,0,0,15,30,7,120,1,2,10,4,0,0,1,2,0,2,0,1,2,10,4,29,0,1,3,2,34,32,4,131,1,4,57,31,319,24056,469,163891,22,35,396,178,0,3,1,6,1,0,0,6,43,41,40,255,1,8,1,11
8,0,10,99,2,0,0,4,8,0,0,2,2,0,452,6,0,1,5,29,0,0,0,3,18,0,0,0,0,0,1,2,93,96,159,187243,7,3,5,118,3,2,3,65,6,0,15,123,8,0,6,350,0,0,0,8,140,53,3,12,0,14,0,12
3,1,3,1,90,0,4,6,8,0,8,5,42,1,18,5,3,0,1,443,22,0,0,5,0,0,0,1,12,0,0,8,155,8,1,7,186642,115,95,96,69,3,1,4,78,3,6,2,6,3,1,8,220,4,2,7,4,153,1,3,3,36,0,3
9,0,11,60,0,3,1,3,0,0,32,1,157,2,2,459,2,0,9,47,1,1,0,5,1,0,0,0,1,0,3,4,6,1,9,106,2,0,0,0,1,1,0,1,4,0,4,5,157,53,274,188735,7,5,0,97,1,0,5,65,5,4,2,104
2,0,33,4,0,0,0,2,1,0,2,8,6,0,11,85,0,0,9,3,0,1,0,3,0,0,0,1,0,2,7,49,16,0,0,9,5,0,1,0,4,0,34,6,7,2,17,231,6,8,4,133,8,1,1,56,3,3,4,346,123,120,300,189015
4,24,4,0,146,5,0,8,8,0,1,47,4,0,5,1,8,0,485,1,49,1,8,2,0,0,4,0,1,0,0,10,7,0,0,4,310,1,1,2,4,0,1,1,9,0,3,5,202,32,7,8,187651,77,55,43,41,0,4,0,46,170,1,21
1,0,1,3,4,2,0,27,0,1,0,175,5,1,10,83,0,5,15,4,0,15,0,5,0,0,0,1,0,2,6,21,5,3,1,173,14,1,0,70,8,2,10,184,296,90,417,186823,2,3,0,6,2,41,1,2,4,32,0,19,5,507,4,120
4,10,1,0,23,348,5,8,14,6,0,1,31,5,0,6,14,558,8,7,535,189355,49,617,3,83,4,5,7,130,5,42,3,2,0,4,19,47,0,1,3,1,2,1,2,5,2,2,0,8,4,4,4,253,2,5,0,6,2,1,8,16,1,10
3,0,0,0,0,7,0,1,44,1,0,9,159,2,5,8,2,1,3,4,0,2,0,16,0,0,0,0,42,2,1,159,24,1,0,9,2,0,1,1,10,0,0,0,310,2,4,6,60,2,523,5,31,1,0,0,163,4,1,4,191912,76,88,131
13,1,13,92,1,17,0,5,162,1,0,2,70,0,437,9,1,0,7,13,0,3,1,2,0,0,0,0,0,0,0,9,189,53,227,199337,3,0,1,124,2,1,0,36,0,21,6,66,5,6,17,162,4,1,0,7,38,1,0,1,8,33,2,6
26843,15,513,5,11,0,0,4,51,0,3,32,36,0,9,0,32,3,3,7,2,2,1,7,1,0,0,0,5,0,2,3,168506,122,51,53,70,1,0,4,53,0,8,1,61,5,2,9,200,9,4,4,2,1,0,2,146,0,2,1,8,5,19,2
4,111,16,2,3,10,2,473,160,6,2,8,0,2,2,4,0,19,2,6,1,8,0,22,0,0,0,0,1,2,1,41,181,193905,30,68,12,195,2,4,5,112,3,22,8,191,5,3,2,168,1,1,8,38,0,2,0,6,2,2,1,21,0,1
3,7,3,0,1,4,0,14,0,8,8,17,10,141,3,1,0,2,41,0,0,4,0,2,0,2,0,0,4,69,2,174,4,15,0,1,3,1,0,0,5,8,0,0,5,427,3,7,8,204,7,2,492,71,0,29,8,464,2,7,218,191114,21,52
7,8,122,2,0,1,28,4,159,28,193333,242,20,0,286,7,0,0,148,3,1,2,1,0,1,2,67,2,1,2,9,21,41,2,1,6,0,0,0,0,488,0,65,0,4,0,0,0,0,1,13,4,15,0,1,0,2,0,96,5,1,3,2,3
108,37,194980,148,6,2,126,8,24,2,79,496,6,0,82,4,3,1,124,8,0,1,2,0,0,0,0,0,0,0,3,2,164,1,66,3,0,0,0,0,18,0,0,0,40,0,1,1,2,9,67,13,3,1,2,0,30,0,1,0,5,4,3,1
25,170,15,31,419,6,1,12,30,1,3,17,70,2,0,1,6,119,1,22,4,1,0,2,1,0,0,0,0,0,3,3,16,182,8,40,2,3,0,0,2,2,0,1,151,9,0,2,160,172176,46,27302,10,85,0,18,21,110,1,10,6,117,1,12
8,0,6,182,130,76,141,196487,19,0,1,23,7,0,8,71,4,136,2,17,4,2,8,132,0,0,1,0,0,0,473,37,4,1,16,3,10,1,3,119,1,0,0,4,2,0,0,3,0,18,2,8,12,0,1,161,2,37,0,5,0,7,0,4
2,0,2,1,120,1,1,3,2,0,6,0,2,1,3,35,6,0,30,446,38,4,1,3,0,0,0,0,1,0,28,20,196,8,3,6,201626,93,110,47,45,2,1,1,54,0,1,1,7,2,0,2,207,2,0,9,6,148,0,1,4,2,0,9
2,0,13,5,1,11,0,1,1,0,1,9,7,0,4,264,0,2,19,27,17,2,0,1,0,0,0,2,1,1,4,51,31,4,0,8,3,0,0,2,9,0,13,4,6,1,10,227,2,37,3,141,0,0,1,37,2,1,2,255,568,65,146,200358
6,170,3,0,348,208224,23,61,0,17,6,9,11,69,3,10,1,11,2,36,435,124,1,2,0,1,0,0,0,3,0,0,19,2,0,1,3,119,0,0,5,0,13,0,31,4,1,0,1,166,1,1,2,144,0,3,0,4,0,0,28,0,1,3
92,6,12,18,51,40,1,13,178,4,9,21,198434,200,273,259,3,30,1,144,29,2,0,8,2,0,0,0,70,12,4,3,1,2,0,2,1,1,0,0,2,0,1,1,57,0,5,1,6,433,3,0,5,1,0,0,1,1,0,2,41,5,2,6
0,0,1,8,12,145,11,172,13,0,0,9,4,0,2,2,4,20,3,275,122,59,244,201213,0,0,1,23,415,4,14,65,5,1,1,5,6,0,3,25,3,0,0,2,4,0,0,0,0,33,37,13,0,1,3,57,0,31,0,2,2,1,0,1
10,3,7,67,2,2,1,19,270,143,226,205134,19,3,14,167,3,0,5,14,0,1,0,3,5,4,1,126,25,0,2,5,1,0,1,3,4,0,0,0,7,0,1,76,424,0,1,4,5,4,137,47,0,0,0,2,0,20,3,59,6,1,0,11
132,7,1,3,59,7,0,2,177,0,1,5,203295,81,50,45,13,1,4,1,4,0,0,1,2,0,0,0,96,4,1,1,0,0,0,3,4,0,0,0,2,0,0,0,61,1,1,0,413,36,0,143,4,0,0,0,1,0,0,0,52,2,0,6
327,203796,27,57,407,132,0,1,2,117,1,2,15,99,5,0,37,99,2,30,9,8,0,3,0,0,0,0,0,1,2,1,1,46,2,1,4,2,0,0,2,0,0,0,2,1,0,0,23,95,1,4,4,2,0,0,3,2,0,0,1,2,0,5
171,86,375,195721,31,34,1,136,5,0,3,64,10,0,392,49,128,1,4,105,0,0,0,9,0,0,0,0,2,1,0,1,1,3,11,41,0,0,0,0,1,0,1,0,1,0,2,0,3,12,2,46,4,0,1,0,32,0,0,1,0,1,0,1
23,1,103,9,13,23,7,1,385,0,6,6,6,1,23,0,5,5,31,4,1,3,0,2,0,0,0,0,9,0,0,1,178,75,196364,233,11,2,104,1,7,0,63,2,6,1,72,9,3,1,247,12,0,2,5,1,119,0,2,3,3,0,3,2
207,18,9,8,193417,194,302,227,56,2,5,3,54,2,5,4,29,379,4,0,141,14,6,4,1,1,0,0,1,1,3,2,5,116,3,1,115,2,16,6,0,0,1,0,9,0,0,1,5,0,20,30,108,7,6,12,1,1,1,1,3,0,0,0
40,6,0,1,321,120,4,3,4,0,32,4,4,0,0,1,400,36,390,5,194291,114,75,71,26,1,1,1,62,4,3,2,1,0,1,4,59,2,3,1,7,0,8,0,2,0,2,0,13,2,0,19,77,8,0,3,4,0,0,1,2,1,0,1
20,1,5,6,12,1,1,0,10,2,213,8,4,2,6,9,30,3,24,0,4,0,2,0,1,5,22,0,2,0,3,0,4,2,151,34,0,3,39,1,534,33,194379,194,3,2,313,2,0,0,5,0,0,0,1,1,6,0,280,3,5,1,4,4
2,6,0,135,3,1,0,82,18,2,12,194,102,56,125,197628,19,0,3,4,2,1,0,2,0,0,0,0,2,2,1,162,3,1,8,119,0,0,0,0,24,0,6,1,2,1,1,45,0,1,30,6,0,1,0,1,29,2,0,5,392,2,1,108
59,2,2,5,25,1,0,1,198097,85,49,67,170,4,3,5,5,3,0,0,1,0,0,1,82,3,0,1,1,3,1,1,7,31,3,407,1,0,0,1,46,0,1,3,2,0,0,0,3,1,110,10,3,1,0,0,69,3,4,6,21,0,0,1
19,4,7,101,3,29,0,1,3,0,1,5,109,390,3,3,9,11,5,51,6,1,0,1,0,0,0,0,1,0,0,0,4,21,22,190,0,0,0,2,2,0,1,1,3,1,1,2,258,53,277,204474,35,4,0,85,1,0,2,54,10,8,2,56
261,4,38,346,18,19,2,1,5,0,34,51,32,22,2,1,179550,138,31354,94,61,1,8,2,44,1,7,1,42,1,12,2,31,0,3,4,1,0,0,0,6,0,7,5,6,0,1,0,50,8,8,5,107,1,0,0,0,1,0,0,1,0,1,1
9,121,2,26,364,9,0,0,3,2,19,8,95,9,2,6,37,58,0,3,4,3,0,0,0,0,0,0,0,0,0,0,4,161,0,34,1,0,0,1,9,5,1,0,18,8,2,0,137,215053,24,39,10,115,0,1,12,140,3,6,6,134,0,1
129,59,204,198674,33,3,0,182,8,1,2,44,4,1,364,78,105,5,2,73,4,0,0,8,0,0,0,0,2,0,0,2,4,0,3,71,0,0,0,3,0,0,4,1,0,0,8,1,1,3,31,38,1,0,0,3,0,5,0,32,10,0,0,7
1,0,4,2,6,0,2,1,1,4,10,4,36,6,128,5,0,0,5,0,2,0,2,0,1,0,0,0,0,1,27,12,2,2,246,15,5,4,149,33,9,6,165,8,78,34,196746,139,0,0,25,7,2,3,2,1,2,352,13,95,2,7,99,11
2,0,0,10,4,0,0,2,7,1,4,8,42,13,17,251,9,3,6,105,14,2,0,47,2,0,12,216,184,101,274,197701,0,0,0,3,1,0,1,95,3,1,0,2,8,5,8,56,0,1,0,2,30,30,1,1,2,21,0,8,2,357,2,84
15,1,1,6,355,3,2,3,5,0,3,6,31,0,0,3,488,387,13,7,199200,102,101,73,33,1,2,1,92,5,1,6,3,0,0,0,35,1,1,1,3,0,5,1,3,0,0,1,3,6,0,5,76,94,1,3,0,4,0,2,5,24,1,1
7,1,253,11,105,1,8,0,2,0,356,0,19,0,12,1,161,40,197699,269,10,2,78,3,2,0,44,3,1,0,71,6,3,0,22,5,1,0,0,1,9,0,31,0,1,1,2,0,1,1,101,4,0,1,2,0,0,0,1,3,0,4,1,0
2,0,2,1,0,0,0,1,183,4,22,3,8,2,38,0,23,5,4,0,1,0,0,0,34,0,1,1,2,1,0,1,125,5,3,371,24,0,0,5,199519,159,147,91,218,4,11,2,1,4,1,0,2,1,0,0,306,11,9,32,5,2,1,2
10,1,4,5,1,0,0,0,7,3,121,5,1,1,109,0,0,0,3,1,1,0,0,1,0,1,54,1,0,0,3,7,28,0,1,22,0,0,0,30,387,1,101,4,1,2,11,1,4,1,100,3,0,6,26,0,84,38,200794,204,2,6,191,4
198257,149,455,45,207,5,0,2,54,0,28,1,60,5,5,2,187,10,2,4,10,2,0,0,0,0,0,0,3,0,0,2,144,2,0,7,2,0,0,19,32,0,1,0,1,0,4,0,70,1,0,5,4,31,0,0,0,0,4,0,3,11,1,2
6,0,23,4,35,3,0,0,83,0,100,0,4,29,2,0,1,12,6,0,3,0,0,0,21,1,0,0,1,1,0,4,114,8,3,396,32,0,0,0,196496,112,50,89,172,3,1,6,3,1,1,1,9,21,0,0,151,2,2,4,1,0,1,1
14,4,6,2,160,29,3,3,2,3,11,0,6,99,5,0,11,390,2,2,84,4,0,0,1,1,0,0,3,0,0,0,7,0,0,29,140,2,6,2,12,0,32,0,7,0,0,0,258,19,3,7,195475,115,150,191,30,2,1,4,51,2,3,3
8,1,2,6,231,98,2,2,6,31,1,3,4,5,31,0,303,29,415,1,196742,57,41,40,31,0,1,0,65,1,0,4,5,1,0,16,44,1,2,0,5,0,20,1,2,0,1,0,0,0,0,0,85,2,0,3,1,0,6,0,2,1,0,0
9,2,5,32,111,1,1,1,5,95,3,0,13,1,21,4,406,8,23,0,27,1,0,1,0,0,0,0,2,0,0,3,303,4,2,3,197299,76,29,38,57,0,1,1,81,2,0,0,5,0,1,1,139,6,0,4,2,1,1,0,3,3,0,0
104,3,10,97,45,3,1,2,131,2,29,0,197903,85,34,63,36,2,6,4,5,1,0,1,2,0,0,0,195,7,0,1,24,0,2,4,6,0,0,0,10,0,0,0,41,1,2,2,5,0,2,400,1,1,0,1,2,1,4,0,48,11,0,5
11,7,0,3,0,4,0,0,0,9,19,2,18,165,1,96,13,6,2,2,33,3,0,3,0,1,0,0,1,51,0,1,1,12,1,11,0,3,0,0,2,9,2,0,7,200,4,2,6,245,5,27,11,470,0,4,9,235,0,5,320,205382,21,57
798,6,65,4,14,29,2,0,1,4,2,55,4,19,2,1,180840,145,35203,115,163,6,14,2,37,1,9,2,49,1,14,4,24,1,4,1,2,0,0,1,6,0,2,2,4,0,4,0,135,3,24,9,1,23,0,0,1,0,0,3,5,5,1,5
24,4,88,69,1,20,0,13,318,189,168,179989,10,3,26,133,12,1,11,6,4,0,0,1,5,2,1,192,3,1,2,6,2,0,1,5,6,0,1,4,9,1,4,58,380,0,15,5,0,0,30,15,4,6,0,4,23,21,11,35267,2,0,1,36
8,106,4,30,6,27,0,0,274,197772,47,92,11,191,8,4,10,4,0,28,5,1,0,2,1,62,1,3,0,6,0,1,1,6,0,2,362,4,1,1,10,56,3,2,36,7,1,1,1,9,90,6,1,1,0,1,5,63,1,5,0,5,0,0
5,1,70,27,12,1,37,1,7,8,107,16,104,21,196441,234,2,1,2,88,4,0,3,1,0,0,0,0,2,2,108,1,0,28,3,0,37,0,0,0,2,1,1,0,7,0,92,1,1,0,6,14,1,3,0,0,359,1,5,0,2,7,71,8
225,8,5,4,197401,70,42,44,17,2,0,0,91,4,9,21,379,2,2,1,207,8,1,2,0,0,0,0,2,0,1,1,3,87,1,1,97,0,0,0,0,0,1,0,6,0,1,0,6,0,0,1,107,12,2,5,36,0,0,2,4,2,3,1
197715,152,93,100,200,3,1,3,71,5,2,11,85,9,0,2,185,7,2,2,26,1,0,0,0,0,0,0,0,0,1,2,47,2,1,2,1,1,0,0,0,0,0,0,4,0,0,0,55,5,4,5,2,3,0,0,7,0,0,1,4,4,1,0
49,171,18,101,1,52,0,2,11,410,2,7,154,197232,22,40,9,5,2,3,1,0,0,0,0,0,0,0,3,152,0,30,1,2,1,1,5,1,0,1,0,0,0,0,10,72,2,2,1,8,29,3,0,7,0,394,3,8,0,1,10,93,1,5
7,0,1,1,2,0,0,0,30,1,0,3,126,9,7,1,2,0,3,34,3,0,0,2,0,0,0,1,43,0,1,97,3,3,7,0,10,0,0,0,10,1,0,0,298,0,3,0,132,1,438,4,42,1,0,32,136,0,1,1,198858,45,40,34
24,4,122,4,8,0,6,0,97,416,9,2,0,1,4,0,6,1,28,19,1,0,1,7,0,0,0,0,1,0,0,2,126,65,198466,215,4,30,90,1,4,0,79,6,2,2,91,3,2,2,171,12,0,0,3,10,10,1,5,1,9,1,2,1
41,2,2,22,20,4,16,284,5,31,0,1,0,4,5,5,13,4,13,287,161,142,421,195984,2,1,5,45,3,3,9,490,2,19,9,3,3,95,8,46,0,0,0,0,1,0,0,0,2,0,7,5,1,2,8,86,1,0,1,2,1,0,0,39
33,0,0,36,5,0,0,1,7,6,0,9,6,8,10,151,0,0,1,3,0,0,0,11,0,0,0,0,2,0,0,93,0,2,0,10,3,1,0,1,0,0,4,12,6,1,17,426,4,0,44,146,3,2,0,47,6,0,5,298,524,30,157,196631
153,4,3,19,21,3,0,1,195797,114,44,51,168,2,4,0,8,0,2,2,0,0,0,0,81,5,0,2,3,3,0,35,438,2,2,1,0,0,0,0,50,0,0,1,4,0,0,0,1,0,99,0,0,2,0,8,36,2,0,4,43,0,0,10
194832,690,129,175,179,6,0,3,151,5,2,2,51,7,4,0,119,13,0,3,3,7,0,1,0,0,0,0,5,0,0,22,94,2,8,0,3,4,0,0,0,0,1,0,1,1,1,0,52,3,9,8,1,0,0,4,0,0,1,2,7,1,0,1
689,34,3,9,109,0,0,0,19,8,1,0,2,1,2,3,196210,123,53,57,51,5,0,5,53,0,0,0,33,2,0,4,22,1,4,0,1,28,0,0,1,0,0,0,2,0,0,0,51,2,1,5,0,0,0,0,2,0,0,0,7,0,0,5
469,66,698,196091,4,3,0,87,7,1,5,45,1,456,10,64,13,2,1,136,7,0,0,6,0,0,0,0,0,0,1,11,3,1,9,50,0,20,0,0,0,0,0,0,1,0,1,0,0,2,6,66,0,33,0,4,1,0,0,3,5,1,0,38
26,3,2,9,218,1,1,1,42,0,0,0,2,33,0,0,364,13,458,3,197323,74,40,64,19,0,0,0,52,2,1,2,5,8,0,1,46,3,1,0,0,0,0,0,3,0,1,0,2,0,31,1,37,101,1,4,3,0,0,0,9,0,0,21
58,133,2,1,457,3,1,0,104,4,0,0,7,11,0,0,1,20,30,35,9,1,1,0,0,1,0,0,1,2,0,1,180,198061,32,115,10,78,0,1,5,116,0,2,5,170,4,2,3,235,20,4,0,3,0,1,2,10,2,0,1,3,2,4
182,15,6,5,105,0,0,1,340,2,1,39,198566,57,59,61,12,0,8,97,3,1,0,1,2,0,0,0,57,5,2,3,0,9,1,1,0,1,0,0,3,0,1,0,63,3,2,7,5,0,449,3,3,1,0,1,9,0,0,1,56,5,1,3
42,2,0,11,25,0,0,4,3,2,1,101,20,30,1,89,1,1,3,10,1,0,0,2,0,0,0,2,3,5,3,26,10,28,2,128,4,13,0,75,11,41,12,126,219,30795,331,177603,0,0,33,32,56,4,0,0,4,5,2,20,393,32,8,170
29,276,2,9,10,63,0,5,20,455,6,13,231,206586,34,55,3,2,4,10,6,0,0,0,0,0,1,0,32,62,1,2,1,8,0,2,0,3,0,1,2,4,0,0,0,61,2,7,1,2,8,96,3,30,2,436,0,4,0,2,28,53,0,3
15,10,5,137,5,0,0,2,31,1,0,2,5,412,2,1,12,1,8,51,1,0,0,1,1,0,0,0,82,0,1,3,18,5,32,247,1,0,0,0,1,0,0,2,2,0,1,5,248,70,473,196458,37,18,1,87,0,2,4,49,13,14,5,28
248,4,4,417,14,0,0,0,20,0,0,4,34,23,1,0,197008,85,52,88,42,4,0,0,59,1,1,0,39,1,1,2,41,3,3,0,2,0,0,0,2,0,0,0,1,1,1,0,47,7,6,12,87,1,0,7,2,0,0,0,4,0,0,0
9,138,1,25,421,5,1,0,2,2,0,29,86,14,5,0,9,39,0,48,0,2,0,0,0,0,0,0,1,1,0,1,4,324,2,3,1,2,0,0,0,5,1,0,1,15,0,4,137,200620,26,42,12,107,1,8,8,157,1,4,10,131,0,2
4,3,126,17,28,0,51,0,8,2,313,42,80,21,195318,249,1,0,6,85,0,0,0,0,0,0,0,0,5,1,70,1,2,2,1,5,0,0,0,0,29,0,1,0,1,0,42,1,0,8,4,31,6,1,1,6,1,1,411,2,1,2,55,4
4,0,6,116,7,0,1,5,1,0,0,1,3,7,393,9,3,1,1,30,1,0,1,1,0,0,0,0,30,0,0,0,99,46,207,195224,3,1,0,136,83,0,5,63,2,0,8,85,1,2,2,209,4,0,0,10,27,0,22,5,0,0,1,1
2,78,3,27,4,4,0,326,0,5,1,3,7,10,21,55,5,16,1,3,1,0,1,0,0,0,0,0,18,2,0,20,275,166582,89,29008,6,70,1,26,12,43,2,7,3,60,4,5,6,191,4,27,28,1,0,2,80,4,5,1,1,6,4,9
2,0,2,6,4,0,2,19,3,0,4,3,35,1,158,5,1,0,3,5,0,0,0,0,0,0,0,0,3,0,45,67,0,7,4,2,0,0,1,0,1,0,14,1,30,0,297,5,2,4,103,10,20,1,47,3,13,1,258,383,82,14,199264,164
15,0,8,189,7,0,1,9,1,0,0,2,19,0,372,9,3,1,0,132,0,0,0,2,0,0,0,0,1,0,1,8,6,2,26,236,0,0,0,1,6,0,0,1,75,0,2,6,99,38,199,198314,3,0,0,56,2,0,3,74,0,0,12,42
2,0,1,1,1,0,0,2,15,0,24,0,62,2,27,1,2,0,0,18,0,0,0,0,0,0,0,0,9,2,0,2,245,4,9,11,75,1,0,1,258,1,3,7,190958,58,70,29,8,2,338,10,6,0,1,2,14,0,6,79,95,3,2,2
1,0,0,1,3,1,0,4,87,1,72,3,1,18,12,0,2,0,0,2,1,0,0,0,13,2,0,1,0,0,3,1,84,12,5,338,25,1,0,0,186478,110,60,96,188,4,3,1,3,0,18,2,1,1,0,2,166,2,0,11,5,2,0,1
4,1,1,8,9,1,8,212,0,1,5,3,3,79,5,5,3,0,0,9,6,0,6,64,0,0,0,0,2,0,339,30,0,4,8,24,8,1,23,331,11,0,0,2,4,0,2,5,1,1,12,166,73,39,263,183399,36,2,1,31,1,0,6,26
4,71,0,2,2,7,2,329,1,4,2,0,3,9,4,0,1,23,2,4,0,0,0,0,0,0,0,0,0,0,15,33,147,185708,46,39,6,100,0,0,3,92,2,0,27,100,2,1,1,178,7,5,0,2,0,10,80,6,1,7,3,1,1,3
11,0,0,1,33,0,1,14,22,0,3,0,123,1,7,2,1,0,2,0,1,0,0,0,0,0,0,0,41,1,4,76,7,9,5,4,1,0,0,1,11,0,0,0,305,0,3,1,108,7,358,3,38,0,0,2,249,0,12,6,186824,67,61,46
429,3,0,20,39,0,0,4,78,0,30,1,3,2,0,0,14,0,0,2,0,0,0,0,0,0,0,0,0,0,3,6,188559,99,70,70,83,6,0,0,49,0,1,0,67,0,1,2,140,3,25,4,2,2,0,2,7,0,0,17,8,0,0,0
122,1,9,99,42,0,1,5,302,0,40,7,183903,83,76,37,3,0,2,1,1,0,0,0,0,0,0,0,85,4,6,4,9,3,0,5,0,0,0,0,2,3,3,0,50,0,0,2,6,0,341,1,1,0,0,38,5,0,1,1,68,2,4,2
4,3,1,4,1,0,0,2,7,4,166,1,10,14,3,0,0,0,3,1,0,0,4,0,0,1,21,0,0,0,6,2,7,0,177,1,27,0,32,3,127,412,188040,214,4,3,263,36,0,1,21,0,0,1,2,1,33,0,235,12,2,0,3,2
10,1,325,10,4,0,6,5,5,375,16,0,4,2,5,1,75,27,185687,114,2,0,46,6,2,2,73,8,1,2,52,4,40,30,54,6,119,0,1,0,1,14,10,0,1,1,3,1,0,1,96,4,0,0,2,2,12,0,1,1,0,0,1,0
11,29,11,207,6,0,0,4,4,15,3,3,352,1,0,5,88,35,257,189468,2,0,2,47,2,0,1,73,4,0,11,82,5,2,4,33,99,0,0,1,1,3,1,1,4,0,36,2,0,0,32,62,0,0,0,3,2,0,0,3,1,0,2,1
109,5,9,4,18,0,0,1,182643,77,62,72,178,32,5,0,4,0,1,8,0,0,0,0,59,3,0,0,3,0,6,1,53,1,316,1,7,0,0,0,50,3,43,1,2,0,2,0,0,1,92,1,0,0,0,5,44,2,3,0,2,0,0,1
57,8,0,12,25491,7,4,8,15,87,3,1,14,1,0,2,375,1,1,1,36,1,0,0,0,0,0,0,1,0,0,1,220,4,13,4,154731,51,27,50,26,1,1,3,73,0,1,34,8,0,9,1,175,1,2,3,1,0,0,29,1,0,5,1
181939,59,53,68,76,3,0,0,36,5,14,3,44,3,0,0,86,5,1,11,1,2,0,0,0,0,0,0,0,0,1,1,58,4,3,1,9,26,0,0,1,4,2,0,0,0,0,1,38,36,4,1,1,2,0,1,29,0,0,0,2,0,0,0
152,1,5,119,49,1,0,1,404,6,5,36,179693,52,69,47,2,34,1,2,1,1,0,1,1,0,0,0,87,3,13,4,4,0,6,1,15,0,0,0,2,0,2,1,40,0,4,1,4,0,450,0,0,0,0,0,3,0,5,2,58,2,3,0
11,3,67,5,4,36,3,1,121,2,453,2,13,2,2,0,6,1,17,3,0,0,0,0,0,0,1,0,0,0,3,0,128,22,179574,221,18,0,48,1,40,0,74,7,3,0,56,3,1,1,201,12,0,0,2,1,1,0,3,1,0,0,20,26
38,68,24,110,1,0,0,4,40,2,17,4,2,383,0,1,4,0,0,23,0,0,0,0,0,0,0,0,27,1,2,0,26103,109,485,152566,10,2,1,55,129,0,2,80,17,5,7,66,33,5,23,198,0,1,0,27,4,0,1,7,0,0,1,9
4,4,11,3,1,5,0,8,11,13,15,29,6,15,179,0,42,1,146,8,0,1,58,5,8,1,286,22,102,13,180754,199,2,3,36,7,2,0,3,1,8,0,3,0,2,0,34,0,0,4,5,1,1,1,4,114,444,0,31,3,34,0,57,2
147,8,8,6,62,1,0,0,179584,126,102,122,192,5,5,1,2,4,29,2,29,0,0,0,45,7,3,0,1,2,8,1,7,440,123,1,3,1,0,0,40,0,17,1,5,2,0,1,5,0,5,1,1,0,0,4,58,3,2,4,1,0,2,2
119,429,4,13,191,6,0,0,9,1,1,0,1,33,0,0,177355,117,139,176,34,6,0,1,40,0,1,1,21,1,2,2,16,16,4,1,2,0,0,0,3,0,1,0,0,0,0,0,43,0,6,2,3,0,0,1,4,0,0,1,2,0,0,16
10,22,15,138,124,16,1,5,20,1,4,2,4,428,1,6,222,58,611,178514,9,1,3,43,2,0,5,70,31,3,10,60,1,9,4,18,2,0,0,0,1,0,0,1,0,0,2,0,2,0,2,38,34,0,0,40,3,0,1,4,0,0,2,1
8,6,7,2,51,2,1,2,3,0,8,0,1,16,160,6,6,2,148,41,1,0,48,5,7,0,384,35,62,17,180180,135,37,3,6,0,1,0,1,0,12,0,2,1,0,0,24,35,0,0,1,1,0,0,6,122,6,0,14,438,2,0,64,2
39,3,5,1,23,0,1,1,37,0,3,2,2,3,103,0,1,0,1,1,14,0,1,0,0,0,0,0,1,1,37,1,28,1,7,2,0,0,0,0,1,0,9,2,5,0,295,129,3,0,74,5,2,1,44,17,449,2,296,26,77,19,183229,149
63,39,158389,158,10,35,45,4,16,4,25226,447,2,3,77,3,2,0,32,9,1,1,1,0,0,1,9,0,0,0,4,0,113,20,74,0,0,0,1,1,1,0,14,51,1,0,31,5,0,1,31,2,0,1,1,3,15,0,14,3,1,0,8,0
18,4,9,0,13,0,0,0,6,1,126,13,0,31,6,0,0,1,6,15,1,0,0,0,0,1,90,2,0,0,6,0,4,1,7,1,0,0,1,0,7,0,744,14,0,0,163,4,3,1,61,3,6,36,17,6,91,15,177143,332,2,1,281,5
23,1,4,1,13,3,0,1,51,0,87,5,0,5,1,47,2,1,3,0,13,0,0,0,4,0,16,1,0,0,2,0,31,0,120,73,5,2,24,0,26180,32,154820,769,25,4,363,50,1,2,3,0,0,0,4,1,56,0,402,19,6,0,9,14
4,1,30,4,3,12,0,1,6,0,0,6,5,1,2,129,0,2,1,20,4,0,0,2,0,0,0,0,2,1,1,31,7,1,2,27,0,1,0,2,5,0,26,24,6,1,15,352,3,49,2,68,1,0,1,71,1,3,3,293,707,56,247,180346
12,184,1,0,443,180976,50,78,2,40,0,4,2,51,1,7,3,59,16,1,614,141,3,9,0,2,0,0,0,0,2,0,2,13,0,2,9,206,4,1,0,3,7,2,0,3,1,15,1,217,0,2,4,216,3,2,3,3,1,1,47,1,36,14
243,11,7,13,177417,196,262,235,52,3,4,10,73,6,3,0,14,841,7,2,159,11,6,4,1,0,0,0,3,30,0,0,16,1,2,44,150,2,12,3,3,0,5,2,4,1,2,1,3,5,1,1,125,8,2,11,6,0,0,1,5,0,2,1
10,2,3,0,284,201,6,2,52,0,0,0,3,0,0,4,367,63,634,34,174207,31,66,38,74,0,4,0,75,2,5,0,17,13,3,0,89,0,1,1,8,0,38,1,3,1,9,2,5,2,0,0,86,2,3,5,5,1,0,1,4,2,1,6
31,89,1,2,621,6,0,1,198,6,0,3,1,1,1,0,52,16,55,1,20,0,0,16,0,0,0,0,0,2,1,4,184,175238,36,48,8,45,1,3,6,104,13,2,1,100,2,2,9,186,2,0,2,6,0,5,5,6,0,0,37,31,0,0
175886,30,37,33,86,1,0,0,71,1,1,2,24,1,1,1,218,7,7,5,19,1,0,1,0,0,0,0,3,0,0,0,44,17,1,0,0,0,0,0,1,0,2,0,1,0,1,8,22,2,0,2,0,0,0,0,36,0,4,0,2,0,5,29
174451,864,169,175,83,7,1,36,45,1,0,3,24,5,6,0,23,6,8,14,3,1,0,1,0,0,0,0,0,0,1,0,34,2,6,5,0,0,0,0,30,0,2,0,2,0,1,1,29,12,4,4,2,1,0,0,0,0,0,0,1,2,0,16
30,57,3,40,214,2,0,0,5,1,1,1,2,676,0,0,162,62,416,173794,49,2,1,35,2,0,3,39,1,3,7,63,4,1,3,8,0,0,0,0,0,0,5,4,0,0,0,2,0,1,0,22,51,1,0,0,3,0,29,1,0,0,2,2
22,5,110,1,6,9,1,1,678,1,0,0,2,54,1,2,88,10,173947,193,4,0,20,1,4,0,50,2,0,1,28,1,52,1,26,1,1,0,1,0,1,0,1,0,0,0,0,29,4,1,22,7,212,37,0,2,0,0,17,0,5,0,0,0
174415,34,738,42,29,3,0,0,177,0,1,0,29,5,49,3,25,2,19,2,6,0,0,1,0,0,0,0,1,0,0,0,276,0,0,0,0,0,0,2,0,0,0,0,0,0,0,0,33,1,1,3,6,0,0,1,40,0,3,1,0,1,0,1
127,705,59,4,2,56,0,4,222,1,0,0,4,8,1,0,28,3,1,1,2,0,0,11,2,0,0,0,0,7,0,1,172642,231,352,310,27,5,0,7,45,2,5,20,43,1,3,2,246,6,8,9,3,4,2,1,2,0,1,2,4,2,1,0
11,57,6,2,13,216,7,102,8,0,3,2,2,2,35,2,8,0,16,205,387,144,911,171941,2,8,3,38,6,676,11,79,17,0,0,4,2,3,9,26,0,0,1,2,1,1,0,2,1,0,0,17,3,81,4,52,1,1,0,1,1,0,1,3
10,6,3,0,246,7,0,2,8,0,0,0,1,30,0,51,203,0,2,694,175877,27,121,69,29,0,1,2,41,55,3,2,17,36,0,2,39,0,0,4,2,0,2,0,4,0,0,0,5,0,0,1,58,220,0,1,1,0,0,0,0,7,0,9
3,3,1,4,1,1,0,0,4,1,0,39,3,10,12,262,1,1,0,56,21,0,0,10,0,3,0,1,1,21,33,46,4,2,0,4,0,1,0,1,0,2,1,8,15,40,30,230,6,31,9,73,14,126,1,81,12,43,15,259,189,25899,410,149708
5,2,1,1,37,1,0,1,2,0,2,3,31,5,6,119,2,0,7,180,0,9,0,158,2,0,13,374,100,44,355,174512,9,1,0,4,0,0,1,2,4,0,0,3,4,1,2,28,4,1,0,2,1,22,0,166,2,1,12,4,3,40,52,723
1,2,0,29,1,1,0,1,12,0,81,3,1,1,17,3,0,0,1,3,1,0,0,21,0,0,33,1,0,1,1,21,1,0,0,49,0,36,1,1,677,2,175,4,2,0,10,1,2,0,59,3,2,1,19,6,81,15,171496,155,0,6,435,58
3,1,55,6,5,9,30,3,4,0,133,7,63,17,168178,212,1,0,1,3,1,0,0,1,0,0,2,0,0,2,26,6,1,4,1,298,0,0,1,0,81,0,47,11,0,0,62,5,0,0,0,39,1,1,1,1,0,0,687,1,3,3,45,9
17,0,1,1,0,1,0,0,1,0,0,143,0,0,23,12,0,1,33,2,2,0,0,2,0,0,1,22,0,0,1,2,3,0,8,71,2,2,0,19,50,29,416,170736,6,3,6,830,0,0,0,13,0,11,0,2,2,2,53,207,47,1,1,9
5,5,6,23,4,1,0,0,2,0,1,4,1,2,686,12,0,0,4,22,0,1,0,0,0,0,0,0,0,1,0,0,11,0,5,71,0,0,0,2,3,0,4,23,0,0,1,90,71,68,155,175204,1,2,0,15,50,0,23,38,284,5,6,34
41,679,6,2,17,2,0,46,2,31,0,1,3,1,56,1,11,1,0,0,0,1,0,4,0,0,0,0,0,12,2,0,173637,70,161,91,29,41,0,0,39,0,3,6,31,1,0,7,137,6,0,25,3,6,0,7,287,0,3,0,4,0,1,3
0,56,0,0,1,8,0,265,37,13,0,0,18,96,6,3,7,235,6,13,56,82,0,2,5,267,1,1,237,164426,22,34,19,1,0,1,0,5,0,0,3,3,3,1,19,38,1,6,1,2,0,4,1,636,0,1,4,0,1,1,4,41,10,1
47,8,5,213,0,0,0,6,0,0,1,6,2,660,6,2,203,59,358,163799,266,0,0,30,2,2,0,45,1,19,8,31,0,2,1,29,1,1,0,0,0,0,1,1,1,0,3,3,3,1,31,45,0,106,0,1,1,0,3,0,1,1,1,1
2,4,2,5,2,0,2,120,33,0,0,2,4,53,1,0,4,0,4,271,43,34,85,161853,2,0,1,51,2,3,649,38,1,1,0,11,0,0,2,39,5,0,4,1,0,1,0,7,0,0,0,4,3,269,0,29,54,0,0,33,2,0,5,2
13,1,18,59,1,0,0,1,5,0,0,4,658,5,3,0,2,0,36,10,4,0,0,22,0,0,0,0,0,1,53,1,36,19,78,162337,0,4,0,21,5,0,3,60,2,0,0,50,54,1,1,92,1,8,0,1,265,29,1,5,4,1,1,1
162181,19,46,684,14,1,0,3,40,1,1,0,80,4,55,0,14,1,29,1,3,0,0,0,0,0,0,0,2,0,41,0,39,0,1,21,0,1,0,0,6,1,1,0,2,0,17,0,279,1,0,0,1,3,0,0,8,0,12,1,2,0,0,0
57,1,1,55,10,0,0,4,9,4,82,2,7,1,269,0,1,0,7,0,1,0,0,1,2,0,21,0,0,0,5,0,2,95,2,0,0,1,0,0,648,0,174,2,0,0,4,1,7,1,62,3,2,4,23,0,148,18,160909,172,3,1,171,2
57,2,33,6,157666,19,34,21,20,0,1,60,47,2,5,0,0,0,632,2,57,1,1,0,0,0,1,0,2,0,2,0,4,265,0,2,86,1,0,0,53,0,0,4,9,0,0,0,4,4,0,1,60,4,0,1,3,0,20,35,2,1,1,0
2,1,0,4,105,0,0,1,6,7,1,255,131,3,2,7,38,0,63,0,2,0,0,0,0,0,0,0,9,0,2,0,82,11,3,2,20,3,0,2,117,0,4,4,164007,67,99,88,4,629,1,1,1,5,0,3,2,2,0,4,95,4,2,8
18,2,86,1,246,0,1,1,1,617,4,4,2,0,1,0,87,17,161781,95,2,1,35,11,2,1,41,0,5,2,26,2,2,1,29,0,1,60,0,29,4,0,2,0,19,1,1,1,2,50,26,3,2,2,0,1,40,0,4,2,0,3,0,0
2,1,1,9,9,1,5,156,2,48,0,4,8,2,1,2,7,1,26,151,63,43,170,164363,4,0,2,21,534,2,4,45,0,23,0,1,3,249,2,48,30,0,1,5,0,0,1,1,4,4,4,90,0,2,1,75,4,1,0,2,2,0,1,2
63,0,3,2,64,1,0,0,124,21,1,118,149426,14,34,20,1,0,2,1,1,0,0,18,0,0,0,0,55,1,30,0,1,2,0,0,0,4,0,0,5,0,0,0,50,3,10,2,4,6,564,231,0,1,0,0,5,1,0,10,26,0,1,2
2,0,1,3,2,0,0,2,1,4,1,219,18,0,30,1,5,0,4,0,0,0,1,1,0,0,1,0,2,0,5,0,38,3,77,4,0,4,46,25,4,1,105,3,31,46,136864,206,1,1,44,3,29,0,0,0,2,87,22,387,1,1,42,7
0,0,2,1,1,0,0,19,3,2,0,2,1,0,65,2,0,0,7,0,8,0,4,1,0,1,9,2,11,0,18874,9,0,1,1,4,0,135,1,33,0,1,3,0,1,0,74,194,7,3,41,1,0,2,17,3,4,519,76,41,40,10,109063,42
15,0,0,0,101,0,2,1,139,2,1,38,32,0,1,0,149,3,496,3,125335,7,31,15,34,0,1,1,48,0,4,0,11,2,0,0,51,188,0,1,5,1,0,0,2,19,0,0,1,2,4,5,43,0,1,5,1,64,0,1,0,0,11,0
679,1,4,18,5,0,0,0,183,1,2,1,1,0,0,0,7,0,67,1,13,0,0,0,0,0,0,0,2,0,0,0,126827,8,51,9,13,1,0,1,26,0,36,3,12,2,1,3,53,28,1,0,0,0,0,1,1,1,1,4,0,0,0,0
107998,10,19543,37,9,0,3,0,159,0,98,3,11,0,5,0,5,1,4,0,2,0,0,0,0,0,1,0,2,0,0,0,48,9,3,17,0,2,0,1,28,0,0,0,0,0,3,1,8,1,7,1,0,0,0,0,0,3,0,2,0,0,0,1
